	open	high	low	close	adjclose	volume
1/22/2019	175.4499969	175.7100067	172.5	173.8399963	165.9586182	1039500
1/23/2019	174.5200043	175.8500061	172.4299927	174.25	166.3500214	501500
1/24/2019	174.8399963	176.4700012	174.8399963	176.0399933	168.0588531	581600
1/25/2019	177.3500061	179.1999969	176.7799988	178.7700043	170.6651154	633000
1/28/2019	176.3000031	176.5899963	175.1000061	176.5399933	168.5362091	564300
1/29/2019	176.7599945	176.8699951	174.4299927	174.7700043	166.8464508	535100
1/30/2019	177.3999939	180.2599945	176.4700012	179.7899933	171.638855	851900
1/31/2019	179.1900024	181.1499939	178.7299957	180.1600037	171.9920654	640600
2/1/2019	180.3699951	182.1399994	180.1600037	181.3800049	173.1568298	515600
2/4/2019	181.6399994	184.2299957	181.5899963	184.2299957	175.8775635	436800
2/5/2019	184.6999969	186.1499939	184.6000061	185.75	177.3286896	532300
2/6/2019	185.9600067	186.8600006	185.1699982	186.3999939	177.9492188	411900
2/7/2019	184.7200012	185.4499969	182.6799927	183.8800049	175.5434418	514600
2/8/2019	182.3000031	185.0700073	182.1799927	185.0700073	176.6795044	451400
2/11/2019	185.8200073	186.6600037	184.75	185.1699982	176.7749481	380600
2/12/2019	186.4199982	187.8399963	186.2400055	187.6799927	179.1711578	580000
2/13/2019	188.5700073	189.1799927	187.7400055	187.9700012	179.4480133	411200
2/14/2019	187.3899994	189.0500031	187.1199951	188.4100037	179.8680725	404900
2/15/2019	189.9299927	190	188.7599945	189.8500061	181.2427979	389700
2/19/2019	189.4199982	190.5500031	189.1900024	190	181.3860168	654800
2/20/2019	190.1600037	190.9799957	189.3200073	190.2700043	181.6437378	1070500
2/21/2019	189.8699951	190.9100037	189.0800018	190.2299957	181.6055603	341300
2/22/2019	191.0500031	192.7700043	191.0099945	192.7700043	184.0304108	387100
2/25/2019	194.3399963	194.9900055	193.5500031	193.6699982	184.8896179	929000
2/26/2019	193.1100006	194.5	193.0099945	193.9799957	185.1855469	724100
2/27/2019	193.2899933	194.1000061	191.9700012	193.9799957	185.1855469	400600
2/28/2019	193.3000031	194.0800018	192.8099976	193.3600006	184.593689	273400
3/1/2019	194.8600006	195	192.9900055	194.6000061	185.7774353	410700
3/4/2019	195.4199982	195.6600037	191.25	193.4799957	184.7081909	563900
3/5/2019	193.4400024	193.4700012	192.2200012	192.8300018	184.087677	359300
3/6/2019	192.8300018	192.8500061	191.3200073	191.5800018	182.8943634	319700
3/7/2019	191.0599976	191.2899933	189.2599945	189.9199982	181.3096008	518400
3/8/2019	187.5299988	190.0099945	187.1300049	189.9400024	181.3287048	452600
3/11/2019	190.6699982	194.2299957	190.6699982	194.1100006	185.3096619	564700
3/12/2019	194.5599976	195.7799988	193.9299927	195.0700073	186.2261353	1331200
3/13/2019	195.9900055	197.4700012	195.5800018	196.2899933	187.3908081	650200
3/14/2019	196.7200012	197.25	196.1100006	196.6799927	187.7631836	368600
3/15/2019	197.2599945	199.7299957	197.1900024	198.8899994	189.8729401	473700
3/18/2019	199.1600037	200.2700043	198.3699951	199.6499939	190.5984497	567400
3/19/2019	200.5099945	200.9700012	199.3699951	200.1300049	191.056778	537300
3/20/2019	200	201.1100006	198.1900024	199.5200043	190.4743958	722700
3/21/2019	198.8699951	204.2400055	198.8699951	203.8800049	195.2208405	476700
3/22/2019	202.7100067	203.5599976	198.6300049	198.6999969	190.2608337	984500
3/25/2019	198.1100006	199.0599976	196.5	197.8899994	189.48526	541900
3/26/2019	199.4600067	200.8099976	197.9499969	199.0399933	190.5864105	454300
3/27/2019	199.3800049	200	195.8699951	197.7899933	189.3894806	542900
3/28/2019	198.3200073	199.4499969	197.3300018	198.6199951	190.1842194	436300
3/29/2019	200.1499939	200.7100067	199.4700012	200.6300049	192.1088867	413300
4/1/2019	202.75	203.6100006	201.5	203.4400024	194.7995148	793700
4/2/2019	203.4199982	204.3099976	202.8399963	204.0200043	195.3548584	469600
4/3/2019	205.2700043	206.7700043	204.9499969	205.7400055	197.0018616	542200
4/4/2019	205.7100067	206.1000061	203.25	204.6399994	195.9485779	421400
4/5/2019	205.3300018	205.8399963	204.9900055	205.6100006	196.8773804	407600
4/8/2019	205.1699982	206.4600067	204.1600037	206.4299927	197.6625214	530900
4/9/2019	205.5200043	206.3699951	205.1000061	205.4799957	196.7528839	698700
4/10/2019	205.7599945	207.1399994	205.6499939	207.1199951	198.3232422	551700
4/11/2019	207.4400024	207.5500031	206.5299988	207.0200043	198.227478	357300
4/12/2019	208.1600037	208.3999939	207.0200043	208.3600006	199.5105743	387600
4/15/2019	208.5299988	208.9799957	207.25	208.3600006	199.5105743	395600
4/16/2019	209.1100006	209.6600037	208.3600006	209.2599945	200.372345	403000
4/17/2019	210.4499969	210.5899963	209.1600037	210.0099945	201.0904846	583100
4/18/2019	210.2899933	210.4400024	208.8399963	210.3899994	201.4543762	383500
4/22/2019	209.5500031	211.0800018	209.3500061	211.0399933	202.0767517	493900
4/23/2019	211.4900055	213.6999969	211.25	213.4700012	204.4035187	1969500
4/24/2019	213.6100006	214.6499939	213.3300018	213.6100006	204.5375977	486800
4/25/2019	214.6399994	215.0399933	212.1499939	213.3399963	204.2790375	626300
4/26/2019	212.3699951	212.9100037	210.6100006	212.8899994	203.848175	1700700
4/29/2019	212.9100037	213.7700043	212.8300018	213.0299988	203.9822388	1509700
4/30/2019	213.0200043	213.6699982	211.6699982	213.4100037	204.3460846	1412900
5/1/2019	215.4100037	215.7700043	212.5899963	212.5899963	203.5609131	461000
5/2/2019	212.5800018	214.0700073	210.3699951	211.6100006	202.6225281	817900
5/3/2019	212.6000061	213.8800049	212.1199951	213.6900024	204.6142273	323400
5/6/2019	208.7400055	212.5599976	207.8999939	212.25	203.2353821	1000500
5/7/2019	209.8200073	210.6999969	205.8300018	207.7400055	198.9168854	1050400
5/8/2019	207.1900024	209.0599976	206.6100006	207.3600006	198.5530396	704500
5/9/2019	204.9799957	206.5700073	202.3099976	205.9700012	197.2221069	917900
5/10/2019	204.6600037	207.4400024	201.6600037	206.5500031	197.7774353	523900
5/13/2019	200.8899994	201.8800049	197.9499969	198.5399933	190.107605	1560000
5/14/2019	199.6000061	203.0099945	199.5800018	201.8699951	193.2961731	662500
5/15/2019	200.4799957	204.6000061	200.3800049	203.9400024	195.2782898	1531700
5/16/2019	204.1799927	207.3899994	203.9799957	206.0500031	197.2986603	795000
5/17/2019	203.8800049	206.8300018	203.7899933	204	195.3357391	404700
5/20/2019	200.8500061	202.0700073	199.5899963	200.4299927	191.9173889	640900
5/21/2019	202.5800018	203.7100067	202.3099976	203.1699982	194.5409851	307400
5/22/2019	201.7799988	203.25	201.7799988	201.9400024	193.3632202	314700
5/23/2019	199.3899994	199.5099945	196.9600067	198.2700043	189.8491211	791700
5/24/2019	199.5	200.3899994	198.2700043	198.4299927	190.0023193	292200
5/28/2019	199.0500031	200.3600006	197.8099976	197.8099976	189.4086456	418800
5/29/2019	196.5099945	197.6999969	195.3899994	196.4799957	188.1351318	786600
5/30/2019	197.1199951	198.1999969	196.4499969	197.6399994	189.2458649	404700
5/31/2019	195.2299957	196.3200073	194.3899994	194.4600067	186.200943	480000
6/3/2019	194.7899933	195.6999969	189.6900024	190.9199982	182.8112793	837600
6/4/2019	193.3800049	197.3699951	192.5099945	197.2599945	188.882019	433800
6/5/2019	199.75	200.2700043	197.3999939	199.8099976	191.3236847	818100
6/6/2019	200.1999969	202.5	199.3600006	202.0200043	193.4398651	552500
6/7/2019	203.0399933	206.7299957	202.8000031	205.5500031	196.8199005	403900
6/10/2019	207.2400055	209.9499969	207.1799927	207.8000031	198.9743195	799300
6/11/2019	210.0700073	210.3099976	206.4700012	207.5500031	198.7349396	1218000
6/12/2019	206.8600006	207.2599945	206.0599976	206.6499939	197.8731995	395500
6/13/2019	207.3899994	207.8699951	206.5899963	207.25	198.4477081	1036700
6/14/2019	205.6999969	206.0599976	204.6799927	205.3899994	196.6667023	248000
6/17/2019	205.5800018	206.6999969	205.3899994	205.8000031	197.0592957	274400
6/18/2019	207.8600006	210.5	207.3399963	209.25	200.362793	402400
6/19/2019	209.8399963	210.75	208.5	210.2599945	201.3298492	377000
6/20/2019	213.3999939	214.0399933	211.4700012	213.1600037	204.1067047	467100
6/21/2019	212.1799927	213.1699982	211.2599945	211.3999939	203.0290985	481600
6/24/2019	211.8000031	212.1799927	211.2200012	211.2200012	202.8562317	286300
6/25/2019	211.2100067	211.3200073	207.2899933	207.5200043	199.3027954	470300
6/26/2019	209.4400024	211.1300049	209.4400024	209.5099945	201.2139435	278900
6/27/2019	210.3699951	210.9700012	209.9299927	210.4799957	202.1455688	392600
6/28/2019	211.1999969	211.3800049	209.8500061	210.8899994	202.5393372	632300
7/1/2019	215.3699951	215.6600037	213.0299988	213.9799957	205.506958	893700
7/2/2019	213.75	214.6100006	213.3000031	214.6100006	206.1120605	355300
7/3/2019	215.0299988	216.1499939	214.6199951	216.1499939	207.5910492	239500
7/5/2019	214.6300049	216.1000061	213.6399994	215.8200073	207.2741089	275700
7/8/2019	214.3500061	214.4900055	213.3200073	214.2200012	205.7374573	251100
7/9/2019	212.9499969	215.2299957	212.8899994	215.0299988	206.5153809	848700
7/10/2019	216.1499939	218.0099945	216.1399994	216.6799927	208.1000366	610100
7/11/2019	217.2400055	218.1499939	216.6499939	217.3999939	208.7915344	381600
7/12/2019	217.9299927	219.1600037	217.6900024	219.1399994	210.462616	304500
7/15/2019	219.5899963	220	219.1199951	219.6799927	210.9812775	280600
7/16/2019	219.5099945	219.5099945	217.3699951	217.8200073	209.1948853	1653000
7/17/2019	217.9199982	218.6499939	217.2899933	217.2899933	208.6858978	218000
7/18/2019	217	219.1399994	216.5200043	218.8300018	210.1649323	348000
7/19/2019	220.6699982	220.8999939	217.5299988	217.6399994	209.0220032	369400
7/22/2019	218.5099945	220.5700073	218.5099945	220	211.2885742	354100
7/23/2019	221.2899933	221.2899933	219.5	221.25	212.4891205	316500
7/24/2019	220.9900055	223.3699951	220.8600006	223.3200073	214.4770966	332800
7/25/2019	222.8899994	222.8899994	221.2700043	221.7400055	212.9597015	385000
7/26/2019	222.5700073	223.5899963	222.5299988	223.2799988	214.4387207	253800
7/29/2019	223.2799988	223.6699982	220.9600067	222.9299927	214.1025848	528800
7/30/2019	221.2400055	222.4299927	220.8800049	221.5800018	212.806015	230100
7/31/2019	222.5200043	222.9600067	216.0500031	218.3500061	209.7039185	664600
8/1/2019	218.7400055	223.1999969	216.1799927	217.25	208.6475067	880600
8/2/2019	215.5099945	216	211.4400024	213.1999969	204.757843	686600
8/5/2019	207.5800018	207.6100006	202.6199951	204.4400024	196.3446808	1097000
8/6/2019	206.9700012	208.2700043	205.1699982	207.4299927	199.2163086	695200
8/7/2019	205.2700043	209.25	204.1399994	208.8500061	200.5800934	462400
8/8/2019	210.5200043	214.1000061	210.1199951	214.0200043	205.5453491	1096400
8/9/2019	212.8899994	213.3200073	210.1000061	211.5800018	203.2020111	358700
8/12/2019	210.2100067	210.6699982	207.8200073	208.7700043	200.5032959	411100
8/13/2019	208.6300049	214.5399933	208.1600037	213.7899933	205.3244629	423700
8/14/2019	209.7799988	210.5099945	206.5500031	207.2200012	199.0146637	2258200
8/15/2019	207.3600006	207.7700043	205.0599976	206.8099976	198.6208649	643200
8/16/2019	208.8200073	211.1000061	208.2899933	210.5299988	202.1935425	354700
8/19/2019	213.8399963	214.4600067	212.6000061	213.6399994	205.1804352	658300
8/20/2019	213.3600006	214.3399963	212.3899994	212.6900024	204.2680359	339400
8/21/2019	214.75	215.75	214.1499939	215.1499939	206.6306152	372000
8/22/2019	215.7100067	216.1499939	212.8500061	214.6399994	206.1408386	259500
8/23/2019	213.4700012	215.5099945	207.0500031	207.7899933	199.562088	625900
8/26/2019	210.3699951	210.6799927	208.8600006	210.4199982	202.0879211	377200
8/27/2019	211.8300018	212.1799927	208.75	209.8999939	201.5885162	362400
8/28/2019	208.7700043	210.3800049	207.1600037	210	201.6845398	300700
8/29/2019	212.8399963	214.3500061	212.2899933	213.6999969	205.2380676	415900
8/30/2019	214.9900055	215.2200012	211.9600067	213.5599976	205.1036072	317500
9/3/2019	211.9600067	212.6399994	210.1499939	210.9299927	202.5776978	460500
9/4/2019	213.2200012	214.5800018	213.0599976	214.5800018	206.0831757	250900
9/5/2019	217.2700043	219.7700043	217.1999969	218.9199982	210.2513275	438800
9/6/2019	219.4100037	219.5200043	218.1999969	218.6100006	209.9536285	274900
9/9/2019	219.4900055	219.6699982	215.6300049	216.9299927	208.3401489	700400
9/10/2019	215.7200012	215.8500061	213.3000031	215.8500061	207.3029022	439600
9/11/2019	216.3899994	218.1999969	215.9400024	218.0700073	209.4350128	290400
9/12/2019	219.5	221	218.3500061	219.0899963	210.4146271	1673200
9/13/2019	218.8800049	219	217.3699951	217.5399933	208.9260101	284900
9/16/2019	215.8699951	217.7700043	215.4600067	217.3300018	208.7243195	291000
9/17/2019	217.4299927	218.25	217.0099945	218.1100006	209.4734344	196400
9/18/2019	217.9299927	218.2899933	215.25	218.2299957	209.5886841	277800
9/19/2019	218.8399963	220.5599976	218.3699951	218.7200012	210.0592957	467400
9/20/2019	219.3899994	219.4400024	215.5500031	216.3999939	207.8311768	364000
9/23/2019	216.25	217.5299988	215.6999969	216.8800049	208.2921448	296200
9/24/2019	218.1399994	219	213.6300049	214.4299927	205.9391327	543100
9/25/2019	214.2100067	217.6199951	212.2299957	216.9900055	208.3978119	351000
9/26/2019	216.1699982	217.0399933	214.8000031	216.3600006	208.5944824	262100
9/27/2019	216.6000061	216.6799927	211.6100006	213.2200012	205.5671387	518600
9/30/2019	214.0500031	216	213.6999969	215.5500031	207.8135376	356900
10/1/2019	216.5099945	217.9100037	213.3899994	213.6100006	205.9431915	522300
10/2/2019	212.1799927	212.3000031	208.0099945	209.6100006	202.0867462	601600
10/3/2019	209.5200043	212.3399963	206.9199982	212.3200073	204.6994934	504500
10/4/2019	213.6399994	216.1199951	213.6300049	215.9100037	208.160614	397900
10/7/2019	215.1699982	216.8999939	214.9799957	215.2299957	207.5050049	347200
10/8/2019	213.7200012	214.0200043	210.9400024	211.0500031	203.4750671	481300
10/9/2019	213.1600037	214.8399963	212.8500061	214.0599976	206.3769989	362300
10/10/2019	213.9600067	216.2700043	213.9400024	215.3500061	207.6207123	326800
10/11/2019	217.8800049	220.4299927	217.8800049	218.5	210.6576385	782700
10/14/2019	218.2700043	219.2599945	218.25	218.4900055	210.6480103	283200
10/15/2019	219.1199951	221.3099976	218.9400024	220.7599945	212.8365479	384900
10/16/2019	219.4400024	219.4400024	217.9799957	218.8300018	210.9757996	352200
10/17/2019	219.7700043	220.1600037	217.4799957	218.6199951	210.7733459	326700
10/18/2019	218.1900024	218.4499969	214.8099976	216.3099976	208.5462646	317700
10/21/2019	217.5399933	218.6399994	216.8899994	218.4799957	210.6383362	240400
10/22/2019	218.9799957	219.6699982	215.4499969	215.5200043	207.7846222	353300
10/23/2019	215	216.0299988	214.5	215.7400055	207.9967499	246700
10/24/2019	218	219.1799927	217.3600006	219.0399933	211.1782532	255700
10/25/2019	219	221.8099976	219	221.6799927	213.7234955	274400
10/28/2019	223.2200012	224.4799957	223.1300049	224.2200012	216.1723328	862500
10/29/2019	224.1699982	224.4900055	222.3999939	222.3999939	214.4176788	295800
10/30/2019	223.0399933	224.1000061	221.6999969	223.8999939	215.8638	348300
10/31/2019	224.3800049	224.4100037	222.2899933	223.6399994	215.6131897	343200
11/1/2019	224.5800018	226.5500031	224.1300049	226.5500031	218.4187317	569000
11/4/2019	228.3500061	228.4499969	227.2299957	227.5800018	219.4117432	370600
11/5/2019	228.2299957	228.2299957	226.6000061	227.3600006	219.1996307	476800
11/6/2019	227.3699951	227.3699951	226.0299988	227.1300049	218.9779358	353800
11/7/2019	228.7599945	230.2299957	228.3699951	228.9700012	220.7518921	442700
11/8/2019	228.2700043	230.1999969	227.4600067	230.1999969	221.9376831	340800
11/11/2019	228.8899994	230.7299957	228.6100006	230.4900055	222.2173157	323200
11/12/2019	230.6900024	232	230.1799927	231.2200012	222.9211273	386700
11/13/2019	230.2299957	231.8899994	230.2200012	231.7400055	223.4224701	298200
11/14/2019	230.9100037	231.5599976	230.3000031	231.4600067	223.1525116	450700
11/15/2019	232.9799957	233.3999939	232.3500061	233.3899994	225.0132446	320200
11/18/2019	233.2799988	234.3600006	232.3999939	233.9400024	225.5434875	342000
11/19/2019	234.8099976	235.3399963	233.6600037	234.7100067	226.2858429	599100
11/20/2019	234.0700073	234.9499969	231.6499939	233.4799957	225.0999451	809600
11/21/2019	233.2700043	233.2799988	231.7400055	232.2100067	223.8755188	363000
11/22/2019	232.9900055	233.3300018	231.1900024	232.1499939	223.8177032	345400
11/25/2019	233.1300049	235.6000061	232.7899933	235.5599976	227.1053314	2035000
11/26/2019	235.6600037	236.3200073	235.3600006	235.6900024	227.2306976	461700
11/27/2019	236.4900055	237.1499939	235.8500061	237.1499939	228.6382599	321500
11/29/2019	236.4799957	236.8699951	236.0800018	236.1499939	227.6741486	189500
12/2/2019	236.4199982	236.4900055	231.7299957	232.7899933	224.4347534	515600
12/3/2019	228.9900055	231.0099945	228.0099945	230.9400024	222.6511688	578900
12/4/2019	232.3200073	232.5	231.4100037	231.7200012	223.4031525	522700
12/5/2019	232.5200043	232.7599945	231.3999939	232.3600006	224.0201874	354000
12/6/2019	234.1999969	235.0700073	233.9900055	234.9100037	226.4786377	390100
12/9/2019	234.5500031	235.1499939	233.5800018	233.6999969	225.312088	305000
12/10/2019	233.9499969	234.7700043	233.2100067	233.6000061	225.2157135	730300
12/11/2019	234.1999969	235.25	233.6399994	235.1399994	226.7004089	342100
12/12/2019	234.6399994	237.7599945	233.8800049	237.4299927	228.9082184	613900
12/13/2019	237.6399994	239.5	236.8500061	238.9700012	230.3929596	540400
12/16/2019	240.0099945	241.3500061	240	240.4600067	232.4627075	529300
12/17/2019	240.9400024	240.9900055	239.5700073	240	232.0180359	497800
12/18/2019	240.3699951	240.9299927	239.8899994	240.0800018	232.0953522	406000
12/19/2019	240.3200073	241.6999969	240.1999969	241.6600037	233.6228333	524600
12/20/2019	243.1100006	243.3399963	242.4700012	243.0099945	234.9279327	519500
12/23/2019	243.9199982	244.3200073	243.3500061	243.8300018	235.7206573	430700
12/24/2019	244.1000061	244.2400055	243.2700043	243.8500061	235.739975	234600
12/26/2019	244.3200073	245.7299957	244.3200073	245.7299957	237.5574188	301500
12/27/2019	246.7100067	246.75	244.9299927	245.6399994	237.470459	349500
12/30/2019	245.5	245.6300049	242.1000061	244.1799927	236.059021	507000
12/31/2019	243.3099976	245.0500031	243	244.8500061	236.7067413	374300
1/2/2020	247.0500031	249.3600006	246.6399994	249.3399963	241.0473938	1415100
1/3/2020	245.9299927	248.3899994	245.8999939	246.7200012	238.5145416	1632400
1/6/2020	244.4299927	247.6300049	243.8399963	247.5399933	239.3072662	524900
1/7/2020	247.8699951	248.5599976	247.0200043	247.5099945	239.2782593	387200
1/8/2020	247.6900024	251.1600037	247.3800049	250.1199951	241.8014374	621500
1/9/2020	252.3099976	253.0200043	251.0800018	252.9299927	244.5179901	576900
1/10/2020	253.9600067	254.2700043	251.9100037	252.3800049	243.9862976	604400
1/13/2020	253.5399933	255.8699951	253.3899994	255.7599945	247.2538757	592600
1/14/2020	255.9100037	256.1900024	254.1199951	254.3999939	245.9390869	965600
1/15/2020	254.6900024	255.9900055	253.8200073	254.6100006	246.1421509	747800
1/16/2020	256.3599854	258.1400146	256.019989	258.1000061	249.5160675	564800
1/17/2020	259.230011	259.769989	257.8299866	259.6300049	250.995163	541700
1/21/2020	258.8800049	260.7900085	258.7399902	259.25	250.6278076	734800
1/22/2020	261.0700073	262.1300049	260.0700073	260.3200073	251.6622467	763000
1/23/2020	260.4700012	261.6099854	259.4100037	261.6099854	252.9093781	464100
1/24/2020	263.4899902	263.9899902	259.25	260.2600098	251.6042175	790800
1/27/2020	254.0599976	255.9499969	251.4400024	254.0500031	245.6007538	1072300
1/28/2020	256.1400146	259.4700012	255.6799927	258.8800049	250.2701263	622400
1/29/2020	260.8200073	261.3699951	258.3800049	259.1400146	250.5215149	648000
1/30/2020	258.8800049	261.3599854	257.3800049	261.2099915	252.5226135	566300
1/31/2020	259.9700012	260	253.2700043	254.1799927	245.7264404	942100
2/3/2020	254.4499969	257.8900146	254.2200012	257.3699951	248.8103638	974800
2/4/2020	261.730011	264.5299988	261.1000061	264.1000061	255.3165283	830100
2/5/2020	268.3500061	268.6199951	263.4500122	265.3500061	256.5249329	757800
2/6/2020	266.4299927	267.480011	265.1400146	267.480011	258.5840759	518900
2/7/2020	266.1099854	267.0899963	264.3999939	264.980011	256.1672363	578600
2/10/2020	263.5700073	268.3399963	263.4500122	268.2799988	259.3574524	550100
2/11/2020	270.6499939	270.8500061	267	267.7900085	258.8837891	536300
2/12/2020	269.5299988	270.7200012	268.1000061	270.6400146	261.6390381	513900
2/13/2020	268.7600098	271.4599915	268.3099976	270.0899963	261.1072693	512500
2/14/2020	270.730011	271.7600098	269.8599854	271.1799927	262.1610413	482400
2/18/2020	269.269989	270.6300049	268.7200012	270.1900024	261.2039795	721800
2/19/2020	271.7200012	273.730011	271.7200012	273.2099915	264.1235352	659300
2/20/2020	272.8900146	273.5100098	266.8399963	270.6799927	261.6777344	856300
2/21/2020	269.2200012	269.5	262.9400024	264.6799927	255.877243	1140200
2/24/2020	252.1799927	257.25	249	253.8500061	245.4074249	1955900
2/25/2020	256	256.8800049	244.7599945	245.7799988	237.6057739	1792800
2/26/2020	246.3200073	251.8899994	244.5200043	246.3500061	238.1568756	1788900
2/27/2020	238.2200012	243.75	233.6000061	233.6000061	225.8309021	2518400
2/28/2020	224.3699951	237.3300018	223.7899933	235.6499939	227.8126984	3536000
3/2/2020	239.3800049	248.0200043	234.9799957	248.0200043	239.7713013	2176000
3/3/2020	249.6000061	251.1999969	236.4799957	238.9700012	231.0223083	2091200
3/4/2020	244.4299927	248.8999939	240.7100067	248.7200012	240.4480286	951100
3/5/2020	242.2700043	246.8500061	239.4299927	240.9400024	232.9268188	948100
3/6/2020	232.9900055	237.2200012	229.4900055	235.8300018	227.9866943	1686800
3/9/2020	217.5200043	227.1100006	215.4499969	217.6499939	210.411377	2519100
3/10/2020	225.6799927	230.5200043	217.5899963	230.5200043	223.7177582	3024600
3/11/2020	224.2899933	225.5399933	216.1499939	219.4299927	212.9550018	1579900
3/12/2020	203.3000031	214.0800018	197.7599945	197.8399963	192.0020905	3462700
3/13/2020	210.6199951	219.8899994	199.2599945	219.6300049	213.1491089	2072300
3/16/2020	193.2700043	206.5800018	190	190.0099945	184.4031525	1889800
3/17/2020	194.1100006	204.5599976	187.5800018	201.4600067	195.5152893	1583900
3/18/2020	189.2799988	198	183.0099945	194.6900024	188.9450684	3809500
3/19/2020	191.5700073	201.5599976	187.1100006	195	189.2458801	1326600
3/20/2020	200	201.9199982	186.7899933	187.1499939	181.6275635	1574000
3/23/2020	186.9799957	190.3300018	179.4499969	185.4900055	180.01651	1726000
3/24/2020	197.1999969	204.9499969	196.0099945	204.7700043	198.7276154	1560200
3/25/2020	206.8800049	214.1199951	200.7200012	204.8699951	198.824646	1820300
3/26/2020	207.2599945	217.9400024	207.2599945	217.5299988	211.1110687	1660300
3/27/2020	210.9400024	214.5399933	207.3000031	207.9100037	201.7749634	1440300
3/30/2020	209.8000031	216.5	209.7299957	216.1399994	209.7620544	1532600
3/31/2020	215.9400024	219.25	210.75	211.8999939	205.6472168	1475500
4/1/2020	204.8600006	208.8000031	200.2200012	201.8800049	195.9229126	1205000
4/2/2020	200.8399963	206.3200073	200.0099945	205.8300018	199.7563171	761300
4/3/2020	205.0500031	207.0899963	200	202.5099945	196.5342865	501600
4/6/2020	211.5800018	221.2700043	210.1699982	219.7599945	213.2752838	1181100
4/7/2020	228.1799927	228.1799927	217.8600006	218.0899963	211.6545868	1735400
4/8/2020	220.7100067	225.2899933	219.0399933	224.3500061	217.7297974	1060900
4/9/2020	227.6399994	228.5500031	223.2200012	224.8800049	218.2441711	1711700
4/13/2020	224.2799988	225.4400024	220.6199951	225.3899994	218.7391357	1013700
4/14/2020	230.5299988	235	229.5099945	234.5399933	227.6191101	1619400
4/15/2020	229.8800049	231.0800018	227.5899963	229.4600067	222.6890411	911900
4/16/2020	232.1900024	232.5399933	228.2400055	231.8399963	224.9988251	1251100
4/17/2020	236.0399933	236.3300018	232.0500031	235.5700073	228.6187439	1008800
4/20/2020	232.4900055	235.3000031	231.6100006	231.6600037	224.8241119	1313000
4/21/2020	228.4799957	229	220.8500061	222.1399994	215.585022	1050000
4/22/2020	227.5700073	231.7400055	226.6499939	230.5599976	223.7565765	673900
4/23/2020	231.1300049	233.7700043	229.0899963	229.3800049	222.6114349	600800
4/24/2020	230.2400055	234.0899963	228.7100067	233.8899994	226.9883423	856600
4/27/2020	236.1600037	237.0099945	235	236.5500031	229.56987	886000
4/28/2020	239.5	239.6600037	233.2700043	233.5500031	226.6583557	843100
4/29/2020	238.4600067	244.1999969	237.75	243.5200043	236.3341522	948400
4/30/2020	244.0899963	244.0899963	240.3300018	242	234.8589935	837400
5/1/2020	236.5700073	239.3200073	234.0599976	235.0500031	228.1141052	929700
5/4/2020	233.3300018	238.1399994	232.5700073	237.9400024	230.918808	624800
5/5/2020	240.6499939	244.4700012	240.4499969	241.6199951	234.4902191	899900
5/6/2020	243.6600037	245.7100067	242.1600037	243.3600006	236.178894	712000
5/7/2020	247.0200043	249.1100006	246.6799927	247.7400055	240.4296417	812200
5/8/2020	250.3500061	251.7100067	248.5399933	251.4100037	243.9913177	774100
5/11/2020	249.7899933	254.6600037	249.3500061	253.1399994	245.6702881	1384000
5/12/2020	254.3699951	254.9100037	247.6999969	247.6999969	240.3908234	3595300
5/13/2020	248.1300049	249.7599945	240.1600037	243.3000031	236.120636	1163500
5/14/2020	241.3099976	246.5	238.5800018	246.2299957	238.9641571	799800
5/15/2020	242.7700043	247.6799927	242.1000061	247.6799927	240.3714294	665300
5/18/2020	252.5899963	255.0899963	251.9499969	253.6499939	246.1652222	900500
5/19/2020	254.0399933	256.9700012	252.8800049	252.8800049	245.4179688	709600
5/20/2020	256.5299988	259.1700134	256.2099915	258.6700134	251.0371094	709000
5/21/2020	258.4899902	259.3599854	254.9299927	255.4700012	247.9315491	704800
5/22/2020	255.0700073	256.8999939	254.0099945	256.7200012	249.1446533	521100
5/26/2020	261.8999939	261.8999939	256.4500122	256.8999939	249.3193207	763100
5/27/2020	256.75	258.3599854	250.9100037	258.3299866	250.7071533	836700
5/28/2020	257.5899963	262.5499878	257	257.8099976	250.2024689	702500
5/29/2020	258.4400024	261.7000122	256.5400085	261.0299988	253.3274841	738500
6/1/2020	259.980011	262.480011	259.0899963	261.8699951	254.1426849	1017600
6/2/2020	262.3699951	264.2099915	259.6600037	264.2099915	256.4136658	570700
6/3/2020	265.269989	267.3500061	264.2999878	266.6700134	258.8010254	716600
6/4/2020	265.7099915	267.1099854	262.4100037	264.0499878	256.2583008	706400
6/5/2020	266.0499878	271.1700134	265.1199951	270.4299927	262.4501038	713800
6/8/2020	270.2000122	272.1700134	267.8999939	272.0899963	264.0610962	1388400
6/9/2020	270.6199951	274.1799927	270.3200073	272.7000122	264.6531982	638800
6/10/2020	274.8099976	278.7799988	274.1000061	276.7600098	268.5932922	641200
6/11/2020	270.9599915	272.1700134	260.730011	260.9899902	253.2886353	1338400
6/12/2020	268.5700073	269.3800049	259.6600037	264.2000122	256.4039917	1116200
6/15/2020	259.1700134	268.4500122	258.6099854	267.4899902	259.5967712	745000
6/16/2020	274.2399902	275.3599854	269	273.1199951	265.0606384	1103700
6/17/2020	275.1900024	275.5599976	272.6099854	272.9100037	264.8569031	540400
6/18/2020	272.6199951	274.7000122	272.0100098	274.3999939	266.302948	666800
6/19/2020	277.7200012	278.019989	271.3999939	272.5799866	264.5365601	638100
6/22/2020	272.3800049	277.1799927	271.9700012	276.9400024	269.4352112	553300
6/23/2020	279.1600037	282.0400085	278.4299927	278.7600098	271.2058411	695300
6/24/2020	277.7099915	279.230011	270.8800049	272.4599915	265.0766296	911600
6/25/2020	272.7099915	276.2999878	269.8200073	276.0799866	268.5985413	629900
6/26/2020	275.5	276.019989	269.9100037	270.980011	263.6366577	879700
6/29/2020	271.2799988	273.7399902	267.4599915	273.7399902	266.3218994	868600
6/30/2020	273.6099854	279.5100098	273.5299988	278.7099915	271.1572571	748400
7/1/2020	278.6499939	280.8900146	277.5299988	279.3699951	271.7993469	945600
7/2/2020	281.9599915	283.2999878	280.2399902	280.8999939	273.2878418	820600
7/6/2020	284.4599915	287.1900024	284.1199951	285.3399963	277.6075745	780700
7/7/2020	284.9500122	288.1199951	282.3599854	282.7200012	275.0585938	788000
7/8/2020	284.6700134	287.6300049	283.6099854	287.6300049	279.8354797	566000
7/9/2020	290	290.0599976	284.4100037	288.7900085	280.9641418	602700
7/10/2020	288.1700134	288.6000061	285.2799988	288.230011	280.4192505	583700
7/13/2020	290.6799927	292.4400024	281	281.6499939	274.0176086	1407500
7/14/2020	279.3699951	285.3500061	276.1400146	285.019989	277.2962646	1042200
7/15/2020	287.7799988	288.8699951	283.1000061	286.7999878	279.0279846	850900
7/16/2020	283.8099976	284.5	280.980011	283.1799927	275.506073	520200
7/17/2020	284.75	285.6900024	282.2000122	284.8599854	277.1405945	484700
7/20/2020	285.6499939	293.0400085	284.3699951	292.3399963	284.4177856	657300
7/21/2020	294.9400024	294.9400024	288.6199951	289.519989	281.6742554	774300
7/22/2020	289.9700012	292.9400024	289.5899963	291.7000122	283.7952271	600900
7/23/2020	290.6000061	292.4299927	283.1700134	284.5299988	276.8195801	1057500
7/24/2020	280.1600037	282.8900146	276.3900146	280.8599854	273.2490234	1299600
7/27/2020	282.6700134	285.9599915	282.2399902	285.6199951	277.8800049	698100
7/28/2020	285.0700073	285.7000122	282.0599976	282.2099915	274.5623779	443300
7/29/2020	283.4599915	287.6300049	283.4599915	287.0400085	279.2615356	402700
7/30/2020	284.3599854	288.7200012	282.7399902	288.480011	280.6625061	439200
7/31/2020	293.1199951	295.3299866	288.1300049	295.269989	287.2684937	782100
8/3/2020	299.480011	303.2399902	298.7600098	302.1799927	293.9912415	952700
8/4/2020	301.9400024	303.2399902	300.4299927	303.1700134	294.9543762	905700
8/5/2020	304.269989	305.2000122	303.1199951	304.5	296.2483521	517700
8/6/2020	304.5799866	308.4700012	303.3999939	308.1700134	299.8189087	553500
8/7/2020	307.1400146	307.1400146	300.7000122	303.1900024	294.9738159	1024000
8/10/2020	303.9299927	304.3599854	298.2200012	302.230011	294.039856	681900
8/11/2020	301.2900085	302.8099976	296.5100098	296.8800049	288.8348083	629100
8/12/2020	299.3800049	304.0100098	299	303.3900146	295.1684875	1068400
8/13/2020	303.75	306.5	302.8900146	304.1300049	295.8884277	764100
8/14/2020	304.2399902	304.6400146	301.9400024	303.3800049	295.1586914	413200
8/17/2020	305.1300049	306.5	305.0700073	305.980011	297.6882324	408600
8/18/2020	306.7200012	307.7900085	304.4299927	306.8900146	298.5736084	411200
8/19/2020	307.5100098	309.0599976	306	306.4100037	298.1065674	434300
8/20/2020	305.5400085	310.9299927	304.8200073	310.3599854	301.9495239	457800
8/21/2020	310.769989	314.0400085	310.5599976	313.5899963	305.0920105	645400
8/24/2020	318.2099915	318.4200134	313.5899963	316.1400146	307.5729675	568200
8/25/2020	315.7000122	317.8800049	314.8599854	317.6499939	309.0420227	513600
8/26/2020	320.8800049	325.1400146	320.4500122	324.2200012	315.4339905	638300
8/27/2020	325.6700134	326.6199951	321.2900085	324.019989	315.2393799	682500
8/28/2020	325.4700012	328.1099854	325.230011	327.1499939	318.2845154	747800
8/31/2020	328.2900085	330.3200073	326.5100098	328.1499939	319.2575073	643000
9/1/2020	331.7799988	336.2900085	330.2600098	335.9599915	326.8558655	858800
9/2/2020	340.7399902	340.7399902	332.2799988	338.3599854	329.1908264	1136100
9/3/2020	332.7600098	332.7600098	315.9200134	318.3500061	309.7230835	2155100
9/4/2020	316.4899902	320.8399963	299.8099976	313.2900085	304.8002014	2330400
9/8/2020	302.2600098	309	299.2099915	299.6400146	291.52005	2107500
9/9/2020	306.5899963	312.1700134	303.3800049	309.1000061	300.7236633	1211700
9/10/2020	313.5	314.1799927	300.9400024	302.5799866	294.3803711	1171500
9/11/2020	305.019989	305.4400024	295.7900085	299.4500122	292.0175476	1249700
9/14/2020	304.3800049	307.269989	303.1499939	305.8200073	298.2294006	720400
9/15/2020	310.6799927	311.0100098	306.9500122	309.1600037	301.4864502	774600
9/16/2020	310.3399963	310.7399902	304.3699951	304.5299988	296.9714355	673800
9/17/2020	297.5499878	303.6000061	297.1000061	301.7999878	294.3091431	893200
9/18/2020	302.5899963	302.6499939	293.6600037	297.3699951	289.9891968	1109500
9/21/2020	292.3699951	300.2200012	291.1799927	300.1099854	292.6610718	1370400
9/22/2020	303.6000061	305.6700134	298.3399963	305.0899963	297.5174561	819100
9/23/2020	304.9599915	305.269989	294.9700012	295.9700012	288.6239319	745600
9/24/2020	292.75	300.5100098	292.5899963	296.8800049	289.511261	728300
9/25/2020	297.2399902	305.1300049	295.4899902	304.3599854	296.8056641	647100
9/28/2020	309.1499939	310	306.8500061	310	302.3056946	668400
9/29/2020	309.8699951	311.1499939	308.7399902	309.1499939	301.4767761	542700
9/30/2020	309.230011	314.5799866	308.6900024	311.4500122	303.7197266	731700
10/1/2020	315.5899963	316.1799927	313.4299927	315.3299866	307.503418	701300
10/2/2020	307.9599915	313.1300049	306.8500061	308.0700073	300.4235229	1038500
10/5/2020	310.4100037	315.0700073	310.4100037	315.0700073	307.2498169	721400
10/6/2020	314.4100037	317.7399902	309.4299927	310.730011	303.0175476	627500
10/7/2020	313.9299927	317.1900024	313.9299927	316.6099854	308.7516174	532900
10/8/2020	319.3099976	319.6900024	317.1499939	318	310.1070862	1188700
10/9/2020	319.7799988	323.3699951	319.6300049	323.3699951	315.343811	442500
10/12/2020	328.3299866	333.4599915	326.2200012	331.519989	323.2915039	656000
10/13/2020	332.6900024	333.3699951	328.7799988	329.9100037	321.7214661	948300
10/14/2020	330.8900146	332.2900085	325.5499878	328.0599976	319.9173889	1087200
10/15/2020	322.230011	327.3200073	321.1300049	326.8200073	318.7082214	581800
10/16/2020	328.5700073	329.730011	325.7799988	325.7799988	317.6939087	398500
10/19/2020	327.7900085	328.9700012	319.6700134	320.7999878	312.8375854	536700
10/20/2020	321.9299927	324.6099854	319.7000122	321.2099915	313.2374573	820700
10/21/2020	320.8800049	323.4899902	319.3999939	320.0599976	312.1159668	322000
10/22/2020	320.1700134	321.3699951	314.730011	318.7900085	310.8774719	452200
10/23/2020	319.2799988	319.8099976	315.9899902	318.6000061	310.6922302	261400
10/26/2020	315.3599854	317.6300049	307.8399963	311.7200012	303.9830322	601200
10/27/2020	313.2900085	314.2900085	311.6700134	313.1199951	305.3482361	412100
10/28/2020	307.2200012	307.3099976	300.019989	300.6199951	293.1585693	803300
10/29/2020	301.9899902	308.2799988	301.480011	304.8800049	297.3127136	734800
10/30/2020	301.0499878	302.5799866	294.7900085	297.9899902	290.59375	842500
11/2/2020	300.3800049	302.4500122	295.3999939	298.6099854	291.1983337	619200
11/3/2020	300.8299866	306.0700073	299.6300049	304.019989	296.4741211	897200
11/4/2020	313.3500061	318.1700134	310	316.0400085	308.1958008	919700
11/5/2020	323.9899902	326.6900024	323.1000061	326.1000061	318.0060425	930000
11/6/2020	325.3599854	328.3800049	321.2399902	327.6199951	319.4883118	489300
11/9/2020	336.25	336.25	323.6400146	324.2000122	316.1532288	905200
11/10/2020	320.8500061	323.1900024	314.5799866	317.5	309.6195374	1256600
11/11/2020	321.0499878	326.2200012	320.4599915	325.2600098	317.1868591	683500
11/12/2020	325.5700073	327.1099854	321.3599854	322.730011	314.7197266	372500
11/13/2020	325.0499878	325.8800049	322.1600037	325.269989	317.1966858	313100
11/16/2020	326.25	329	324.3999939	328.4700012	320.3171997	551500
11/17/2020	327.1099854	329.1799927	325.5599976	327.519989	319.3907471	374200
11/18/2020	327.3900146	328.5299988	324.1099854	324.1099854	316.0654602	364700
11/19/2020	324.230011	327.9500122	322.6000061	327.6600037	319.5273438	307500
11/20/2020	327.8599854	328.5	324.9100037	325.0299988	316.962616	320100
11/23/2020	326.0499878	327.8500061	322.5	325.2399902	317.1673279	413400
11/24/2020	326.5899963	329.6700134	323.9599915	329.1000061	320.9315796	475700
11/25/2020	330.3299866	331.3699951	329	330.6400146	322.4333801	317100
11/27/2020	332.5400085	334.1000061	332.269989	333.0899963	324.8225708	217900
11/30/2020	333.2399902	335.5	328.7999878	335.3299866	327.0069275	390300
12/1/2020	337.5499878	339.9299927	335.8299866	338.1099854	329.7179871	718700
12/2/2020	336.8299866	338.0400085	334.1400146	337.7000122	329.3182373	363300
12/3/2020	338.3099976	340.25	337.2399902	337.9100037	329.5228882	288400
12/4/2020	338.6600037	341.7000122	338.0299988	341.7000122	333.2188416	369300
12/7/2020	341.8299866	343.5599976	341.4899902	342.5499878	334.0477295	448600
12/8/2020	342.4500122	345.2600098	341.2900085	344.1000061	335.5592346	416800
12/9/2020	344.1900024	344.9100037	335.75	337.0400085	328.6745911	938200
12/10/2020	334.8900146	339.8699951	334.1099854	338.5299988	330.1275024	796200
12/11/2020	336.4899902	338	334.0799866	337.9299927	329.5424194	423800
12/14/2020	339.3599854	342.1600037	339.1700134	339.3800049	330.9563904	308600
12/15/2020	342.8099976	345.019989	341.2099915	345.019989	336.4563904	470100
12/16/2020	345.5899963	348.3500061	344.4599915	347.5299988	338.9041748	372900
12/17/2020	349.2600098	350.4899902	348.3299866	350	341.9918213	487300
12/18/2020	350.769989	350.8099976	347.4500122	349.0599976	341.0733032	378000
12/21/2020	345.769989	350.1600037	342.5599976	349.9899902	341.9820557	603600
12/22/2020	352.1600037	355.0700073	350.7900085	353.769989	345.6755676	525000
12/23/2020	354.4700012	354.8599854	350.5	350.5499878	342.5292664	388700
12/24/2020	351.269989	353.6700134	351.269989	352.8800049	344.8059998	182400
12/28/2020	356.25	356.480011	353.480011	355.3599854	347.229248	607600
12/29/2020	357.2399902	357.6900024	352.3299866	353.0100098	344.9329529	532800
12/30/2020	354.5499878	355.0799866	352.8399963	353.480011	345.3922424	354500
12/31/2020	353.7000122	354.3900146	351.1000061	353.7900085	345.6951599	411000
1/4/2021	355.3800049	355.5299988	343.1499939	347.9100037	339.949707	810100
1/5/2021	347.0499878	350.9200134	347.0100098	350.769989	342.7442322	446000
1/6/2021	346.0700073	351.3999939	343.8900146	344.9500122	337.0574341	780700
1/7/2021	348.5899963	355.5499878	348.5400085	354.769989	346.65271	558400
1/8/2021	357	358.6700134	353.5	357.3599854	349.1834106	539600
1/11/2021	354.6499939	356.9500122	352.4200134	354.3099976	346.2032471	664800
1/12/2021	354.3399963	354.9100037	350.2399902	353.7900085	345.6951599	1820900
1/13/2021	354.0899963	356.8999939	353.519989	355.5599976	347.4245605	484100
1/14/2021	356.5299988	357.6600037	352.8399963	353.3399963	345.2554321	418700
1/15/2021	352.9299927	354.6499939	348.7999878	349.6199951	341.6204834	519500
1/19/2021	352.1000061	354.6499939	350.9599915	353.980011	345.8807983	503100
1/20/2021	356.7900085	361.6900024	356.7900085	360.6799927	352.4274292	495200
1/21/2021	362.8299866	365.8099976	360.6300049	364.8599854	356.5118103	455600
1/22/2021	363.0499878	365.1700134	362.4100037	363.7900085	355.4663086	461700
1/25/2021	368.1799927	369.519989	357.4100037	366.2399902	357.8602905	784900
1/26/2021	367.5799866	367.9500122	364.3800049	365.0700073	356.717041	793900
1/27/2021	363.1499939	364	354.5700073	357.7399902	349.5547485	1350900
1/28/2021	359.75	365	358.5799866	359.6400146	351.4112854	469200
1/29/2021	357.9700012	359.0899963	349.25	351.2999878	343.2621155	990500
2/1/2021	355.4299927	361.6300049	352.9899902	360.1199951	351.8803101	697800
2/2/2021	364.1000061	366.7600098	363.3999939	365.8599854	357.4889526	452000
2/3/2021	367.1199951	367.3599854	363.3900146	364.5100098	356.1698303	417200
2/4/2021	366.4899902	370.6300049	365.5100098	370.6300049	362.1498108	377600
2/5/2021	372.2200012	372.2200012	369.4299927	370.7000122	362.2182312	363400
2/8/2021	372.6199951	375	372	374.9500122	366.3710022	406100
2/9/2021	373.8699951	376.3500061	373.8699951	375.0700073	366.4882507	554500
2/10/2021	376.7900085	377.2200012	371.230011	374.3999939	365.8336182	392500
2/11/2021	376.6900024	378.6600037	375.1499939	378.480011	369.8202515	555400
2/12/2021	377.7399902	380.7900085	376.3099976	380.6099854	371.9014893	297200
2/16/2021	382.1300049	382.730011	377.6300049	379.1400146	370.4650879	424700
2/17/2021	375.75	376	371	375.0799866	366.4980164	445000
2/18/2021	371.0499878	374.0499878	368.4899902	373.3599854	364.8172913	364100
2/19/2021	375.6199951	376.3299866	372.0499878	373.8099976	365.2570801	301900
2/22/2021	369.0499878	370.0700073	364.4400024	364.7099915	356.3652954	488600
2/23/2021	358	364.8200073	350.3099976	362.6300049	354.3329163	1148900
2/24/2021	360.6600037	368.019989	356.7999878	367.6199951	359.2087097	671100
2/25/2021	364.9500122	367.2900085	352.6600037	353.9700012	345.8710327	675900
2/26/2021	357.5400085	361.6600037	352.5	356.5	348.3431396	659700
3/1/2021	362.5	368.6499939	360.9100037	368.2600098	359.8340759	668000
3/2/2021	369.1799927	369.5700073	361.5	361.75	353.4730225	442200
3/3/2021	360.7999878	361.480011	351.3800049	351.8200073	343.7702026	555000
3/4/2021	350.6799927	353.019989	338.4599915	342.8500061	335.0054321	1144300
3/5/2021	347.1499939	349.3299866	335.6000061	348.3999939	340.4284973	1013400
3/8/2021	347.9599915	350.1400146	339.1199951	339.4100037	331.644165	776600
3/9/2021	348.3999939	354.6099854	347.6700134	352.3999939	344.3369446	1076600
3/10/2021	357.0100098	357.0100098	350.6499939	350.8999939	342.8712463	643700
3/11/2021	356.1799927	361.480011	356.1799927	359.5700073	351.342865	538500
3/12/2021	355.25	356.9899902	352.6799927	356.9500122	348.7828674	401500
3/15/2021	357.3200073	361.4299927	356.0799866	361.3500061	353.0822144	442500
3/16/2021	363.9400024	367.0700073	361.2200012	363.2900085	354.9777832	642500
3/17/2021	360.0100098	365.3299866	356.9899902	363.3999939	355.0852661	575700
3/18/2021	358.230011	359.019989	351.2900085	351.75	343.7017822	481800
3/19/2021	352.1099854	354.0299988	349	351.5400085	343.4966125	405500
3/22/2021	353.019989	359.7600098	352.8599854	357.9599915	349.7697144	880600
3/23/2021	358.9400024	360.230011	354.2600098	355.2600098	347.1315002	302500
3/24/2021	357.3900146	357.4299927	349.8099976	349.8099976	341.8062134	364100
3/25/2021	347.8200073	350.9899902	344.7999878	349.8900146	341.8843689	438000
3/26/2021	349.2999878	357.9700012	349.0899963	357.5899963	350.0374146	366600
3/29/2021	356.7600098	357.730011	352.8599854	354.8999939	347.4042664	431500
3/30/2021	352.6199951	353.2600098	349.519989	352.6499939	345.2017822	282100
3/31/2021	355.019989	360.9200134	355.019989	358.4899902	350.918457	437500
4/1/2021	363.2399902	366.1000061	363	365.9700012	358.240448	405700
4/5/2021	368.6400146	373.1499939	367.7900085	372.4500122	364.5835571	531900
4/6/2021	372	374.019989	370.230011	371.7799988	363.9277649	260900
4/7/2021	371.5499878	373.8099976	370.1000061	373.1199951	365.2394714	257600
4/8/2021	376.3900146	378.7999878	375.9899902	378.7999878	370.799469	421100
4/9/2021	377.3500061	382.1099854	376.4500122	381.9500122	373.8829651	321600
4/12/2021	380.8900146	381.8599854	378.519989	380.6900024	372.6495972	362200
4/13/2021	382.0799866	385	381.6700134	384.7900085	376.6629639	441600
4/14/2021	385	385.480011	379.8599854	380.6199951	372.5810242	491900
4/15/2021	384.3699951	387.3200073	384.3699951	387.0899963	378.9143982	417400
4/16/2021	388.0400085	388.0400085	385	386.4899902	378.3270569	322600
4/19/2021	384.8099976	386.6499939	380.5599976	382.8399963	374.7541504	369300
4/20/2021	382.0599976	383.6900024	376.8800049	378.9599915	370.9560852	481300
4/21/2021	378.1300049	383.1499939	377.3800049	382.9500122	374.8618469	655600
4/22/2021	382.5	384.9899902	377.6199951	379.3900146	371.3770447	590000
4/23/2021	380.0400085	386.3200073	380.0400085	384.9200134	376.7902222	229700
4/26/2021	385.0299988	388.25	385.0299988	388.0400085	379.8442993	436600
4/27/2021	388.7099915	388.730011	385.5700073	386.6799927	378.5130615	451600
4/28/2021	385.3399963	385.4899902	383	383.6199951	375.5177307	387100
4/29/2021	386.7999878	386.7999878	378.5299988	382.4400024	374.3626099	400000
4/30/2021	378.519989	380.6199951	376.1000061	376.9400024	368.9787903	370600
5/3/2021	378.7000122	379.4700012	374.4899902	375.4299927	367.5006409	526500
5/4/2021	372.3200073	372.3200073	363.6000061	367.8200073	360.0513916	736400
5/5/2021	370.5499878	371.0400085	366.0599976	366.7200012	358.9746094	205900
5/6/2021	366.4100037	369.1199951	362.8099976	368.9599915	361.1673279	486200
5/7/2021	372.75	375	371.0400085	372.5	364.6325684	304700
5/10/2021	371.0299988	371.0299988	362.7600098	362.8699951	355.2058716	449700
5/11/2021	355.5100098	363.3900146	354.2900085	362.5499878	354.8926392	806000
5/12/2021	356.8399963	358.9400024	350.9899902	351.8800049	344.4480896	851300
5/13/2021	355.4899902	359.2200012	352.9700012	355.8800049	348.3635559	499000
5/14/2021	360.0299988	365.2799988	359	364.1199951	356.4295044	329200
5/17/2021	362.1300049	362.2799988	357.9299927	361.3800049	353.7474365	335700
5/18/2021	362.8200073	363.9299927	358.8500061	359.0100098	351.4274597	392700
5/19/2021	353.0599976	360.4200134	352.7000122	360.269989	352.6608582	336000
5/20/2021	361.7799988	368.6099854	361.5799866	367.3999939	359.6402588	312300
5/21/2021	369.4400024	370.1000061	365.3399963	365.6400146	357.91745	272200
5/24/2021	368.5700073	373.3200073	368.5299988	372	364.1430969	738700
5/25/2021	373.6900024	374.3699951	371.3500061	372.1199951	364.2606201	267200
5/26/2021	373.0400085	374	371.6099854	372.8500061	364.9751282	259100
5/27/2021	372.4700012	373.8500061	371.1300049	371.2799988	363.438324	237500
5/28/2021	372.8299866	374.5599976	372.1000061	372.2799988	364.4171753	225300
6/1/2021	373.980011	374.4700012	369.6900024	370.6099854	362.7824707	441300
6/2/2021	371.4100037	374.1300049	370.6099854	372.7200012	364.8479004	376100
6/3/2021	369.6000061	370.9299927	366.75	368.730011	360.9421387	385800
6/4/2021	371.2200012	376.2000122	371.2200012	375.7000122	367.7649841	342500
6/7/2021	375.4599915	376.4200134	374.4899902	376.2200012	368.2739563	504800
6/8/2021	378.1900024	379.980011	375.3099976	376.8800049	368.9200745	232800
6/9/2021	378.6900024	379.1300049	376.5899963	376.6799927	368.7242126	182800
6/10/2021	377.3299866	380.3099976	376.4100037	380.0700073	372.0426941	367800
6/11/2021	380.4299927	382.519989	379.9700012	382.3999939	374.3234558	277400
6/14/2021	383.0400085	386.6199951	381.8800049	386.6199951	378.4543762	302500
6/15/2021	386.4899902	386.4899902	383.1099854	383.9599915	375.8505249	305200
6/16/2021	384.2999878	385.5100098	378.25	382.3500061	374.2745056	554300
6/17/2021	381	388.769989	380.8099976	387.2799988	379.1004028	1414200
6/18/2021	385.3099976	387	383.3900146	384.1799927	376.0658875	918500
6/21/2021	384.2999878	387.8099976	381.3800049	387.6000061	379.4136963	585900
6/22/2021	387.5299988	391.4700012	386.9899902	391.3200073	383.0550842	339600
6/23/2021	391.3399963	392.5700073	390.4200134	391.0499878	382.7907715	256400
6/24/2021	393.1499939	394.5400085	392.3500061	393.1400146	385.4141541	348100
6/25/2021	393.9700012	394	392.0499878	393.0499878	385.3258972	285400
6/28/2021	394.5	397.7000122	394.5	397.2399902	389.4335938	440300
6/29/2021	397.3099976	400.1700134	396.6099854	400.0799866	392.2177429	779400
6/30/2021	399.5100098	399.8200073	397.7799988	398.769989	390.9334717	500400
7/1/2021	398.3699951	399.3299866	396.3699951	398.8999939	391.0609436	432700
7/2/2021	401.1900024	404.0899963	400.8200073	403.7099915	395.7764587	379600
7/6/2021	404.5299988	407.2399902	401.7399902	405.7099915	397.7371826	401100
7/7/2021	408.4700012	408.8500061	404.1000061	407.269989	399.2664795	1085900
7/8/2021	400.230011	404.519989	398.2799988	403.2999878	395.3745117	561300
7/9/2021	403.1400146	407.5	402.3800049	407.1099854	399.1096497	286800
7/12/2021	409	409.1499939	405.8500061	407.0700073	399.0704041	1240600
7/13/2021	406.3399963	411.0899963	405.7600098	407.9500122	399.933197	1363900
7/14/2021	411.1499939	412.769989	408.3900146	409.7200012	401.668335	394400
7/15/2021	409.269989	409.269989	403.5499878	405.9899902	398.0116272	493300
7/16/2021	407.3800049	408.8500061	401.7999878	402.2799988	394.3745422	415400
7/19/2021	397.2600098	398.9500122	394.4400024	397.4100037	389.6002502	733100
7/20/2021	399.4299927	406.1900024	397.0899963	403.8699951	395.9332886	908900
7/21/2021	404.0799866	408.0799866	403.1900024	407.9899902	399.97229	1478600
7/22/2021	408.7200012	411.2099915	408.7200012	410.7000122	402.6291199	326400
7/23/2021	413.019989	415.1499939	411.4200134	414.730011	406.579895	430100
7/26/2021	413.9599915	415.3999939	412.5	414.8299866	406.6779175	316900
7/27/2021	414.2000122	414.2000122	404.7399902	410.3099976	402.2467651	1685100
7/28/2021	410.4100037	412.3500061	406.6400146	410.7399902	402.6682434	367600
7/29/2021	410.7099915	414.230011	410.1400146	412.769989	404.6584167	596900
7/30/2021	409.7799988	412.75	409.5100098	412.2099915	404.109436	257100
8/2/2021	414.0700073	415	410.8200073	411.1900024	403.1095276	461000
8/3/2021	412.1300049	413.6499939	408.769989	413.480011	405.3544617	294000
8/4/2021	413.4700012	415.5	412.0599976	414.5100098	406.3642578	380100
8/5/2021	415.4899902	417.3200073	414.2799988	417.1300049	408.9327698	198400
8/6/2021	415.7200012	417	415	416.480011	408.2955322	233000
8/9/2021	416.9200134	417.3299866	414.6499939	415.4599915	407.2955322	223700
8/10/2021	416.3200073	416.8999939	411.3099976	412.3299866	404.2270813	381500
8/11/2021	414	414.3999939	409.6700134	411.9700012	403.874115	1202500
8/12/2021	411.5	414.480011	409.8800049	414.2000122	406.0603333	219000
8/13/2021	414.5	416.3599854	413.9599915	416.0799866	407.9033508	204300
8/16/2021	414.8399963	416.8999939	410.8500061	416.8500061	408.6582642	305900
8/17/2021	414.3599854	414.8800049	410.5400085	413.2900085	405.1682129	374900
8/18/2021	412.4200134	414.0299988	407.6199951	408.0100098	399.9919739	332200
8/19/2021	405.5899963	412.75	405.1199951	411.0799866	403.0015869	408800
8/20/2021	412.8500061	416.6700134	411.980011	416.2799988	408.0994263	447400
8/23/2021	417.7600098	422.6300049	417.7600098	422.1300049	413.8345032	378800
8/24/2021	423.0400085	424.0100098	422.2999878	422.730011	414.4226685	329900
8/25/2021	423.5100098	424.7200012	421.9100037	422.7600098	414.4520874	457100
8/26/2021	422.4500122	423.4599915	419.7900085	420.2799988	412.020874	248200
8/27/2021	420.9500122	425.4599915	420.4500122	425.0899963	416.7363281	232400
8/30/2021	426.1900024	429.8599854	426.1900024	429.2999878	420.8635559	372900
8/31/2021	429.25	429.3800049	426.0599976	426.6799927	418.2950439	1792100
9/1/2021	428.1400146	429.9100037	426.6600037	426.9599915	418.5695496	538100
9/2/2021	428.7600098	429.3200073	425.3599854	427.2900085	418.8930969	322600
9/3/2021	426.7999878	430.2399902	426.3099976	429.3500061	420.9126282	259800
9/7/2021	429.7799988	430.2799988	427.1300049	428.8999939	420.4714355	404500
9/8/2021	428.8900146	428.8999939	423.5899963	426.4100037	418.030365	364400
9/9/2021	426.6700134	428.25	424.8900146	425.019989	416.6676636	245500
9/10/2021	427.4599915	428.4700012	420.3999939	420.769989	412.5011902	380500
9/13/2021	423.6700134	424.6300049	418.0599976	420.7999878	412.5306091	1192200
9/14/2021	422.6499939	423.5400085	419.0799866	420.269989	412.0110168	1630700
9/15/2021	421.1600037	424.1199951	418.9100037	423.8599854	415.5304565	301800
9/16/2021	422.2799988	425.019989	420.3599854	424.5700073	416.226532	245400
9/17/2021	423.8500061	423.8500061	417.9599915	418.8699951	410.6386108	328900
9/20/2021	411.7999878	414.4299927	405.3399963	410.8399963	402.7662964	2279200
9/21/2021	413.4100037	414.2399902	409.3800049	411.0499878	402.9721985	342200
9/22/2021	413.230011	418.4700012	411.6499939	417.1300049	408.9327698	327200
9/23/2021	419.2399902	423.5499878	417.8200073	422.519989	414.2168274	356500
9/24/2021	419.7200012	423.2600098	419.2399902	422.5599976	414.2559814	1653600
9/27/2021	419.0499878	419.7600098	415.7799988	418.4200134	410.1973877	376200
9/28/2021	412.8900146	413.7200012	405.1300049	405.3399963	397.3744202	1449000
9/29/2021	406.5100098	408.1099854	402.9700012	403.5299988	396.4675598	688300
9/30/2021	405.9100037	407.8399963	401.2900085	401.2900085	394.2667542	463000
10/1/2021	403.1400146	408.0299988	398.6799927	406.8599854	399.7392578	687100
10/4/2021	405.019989	405.019989	394.0599976	396.9899902	390.0419922	873700
10/5/2021	398.2799988	405	397.9400024	402.7200012	395.6717529	475800
10/6/2021	398.5700073	405.8699951	397.2200012	405.5	398.4031067	1894200
10/7/2021	409.4200134	413.1000061	408.9400024	409.8599854	402.6867676	1655900
10/8/2021	411.6199951	411.6199951	407.480011	407.9299927	400.7905273	249000
10/11/2021	406.0100098	411.1199951	405.5	405.6499939	398.5504456	257100
10/12/2021	407.769989	408	403.9400024	404.6900024	397.6072998	227300
10/13/2021	406.769989	408.3800049	404.9100037	408.0899963	400.9478149	608100
10/14/2021	412.5400085	417.2200012	412.0499878	416.9299927	409.6329956	595700
10/15/2021	418.75	420	417.4500122	419.8599854	412.5117493	397500
10/18/2021	417.730011	423.9700012	416.9200134	423.7799988	416.3631897	333600
10/19/2021	425.0700073	428.1499939	424.0100098	427.6799927	420.1949158	370900
10/20/2021	428.2600098	428.9400024	424.8900146	426.8500061	419.379425	711800
10/21/2021	425.7200012	429.0100098	424.5299988	428.6900024	421.1872864	411200
10/22/2021	428.2799988	430.3599854	425.230011	426.8699951	419.3990479	274700
10/25/2021	428.5400085	430.2600098	426.8900146	428.8699951	421.3641052	267000
10/26/2021	431.7600098	433.2200012	428.9500122	429.4400024	421.9241028	376200
10/27/2021	430.0400085	431.2900085	427.7200012	427.8200073	420.3324585	289400
10/28/2021	429.7900085	432.8399963	429.3699951	432.1900024	424.6259766	260900
10/29/2021	428.0899963	434.4299927	427.7999878	434.1600037	426.5615234	282400
11/1/2021	434.3800049	434.8699951	431.9500122	434.6799927	427.0723572	373000
11/2/2021	435.1199951	438.5599976	435.1199951	437.6499939	429.990387	318400
11/3/2021	438.0700073	441.0299988	435.980011	440.2900085	432.584198	303500
11/4/2021	441.9599915	447.5400085	441.2999878	446.5799866	438.7640991	308000
11/5/2021	449.6600037	451.3399963	445.4400024	448.0899963	440.2476807	350800
11/8/2021	450	452.2000122	449.2600098	451.2999878	443.4015198	330000
11/9/2021	452.3099976	452.8900146	447.5700073	450.1000061	442.2225037	355500
11/10/2021	446.5499878	448.9100037	440.1700134	441.6900024	433.9596863	1600700
11/11/2021	445.1199951	445.3200073	443.5599976	444.0799866	436.3079224	270800
11/12/2021	445.480011	450.0899963	444.8800049	449.3999939	441.534729	366500
11/15/2021	450.9400024	451.519989	446.3800049	448.7999878	440.9452515	409700
11/16/2021	448.3699951	454.1099854	447.7999878	453.480011	445.5433655	314200
11/17/2021	452.8599854	454.2999878	450.75	451.5700073	443.6668396	1273700
11/18/2021	454.3999939	455.5100098	450.1400146	454.8200073	446.8598938	443700
11/19/2021	456.7900085	459.4200134	455.2000122	457.4700012	449.463562	1182300
11/22/2021	458.9400024	463.6799927	450.3399963	450.6400146	442.7530823	879800
11/23/2021	448.6499939	450.6400146	442.75	448.5799866	440.729126	1359400
11/24/2021	446.1199951	452.4899902	443.6000061	452.3099976	444.3938293	437100
11/26/2021	446.5299988	449.7600098	440.2399902	442.1199951	434.3821716	565200
11/29/2021	447.9299927	453.4599915	446.4500122	452.1499939	444.2366028	589300
11/30/2021	450.6600037	454.2600098	443.8500061	447.6900024	439.8547058	675900
12/1/2021	451.5499878	454.9400024	439.2000122	439.519989	431.8276367	561400
12/2/2021	435.6700134	446.2900085	434.8900146	444.25	436.4749146	837100
12/3/2021	445.6400146	446.4200134	430.7399902	436	428.3692932	1024500
12/6/2021	436.7999878	440.8800049	431.2399902	439.7099915	432.0143127	522700
12/7/2021	448.4700012	456.480011	448.4700012	455.6099854	447.6360474	505000
12/8/2021	456.019989	458.9899902	452.7799988	458.6499939	450.6228638	323800
12/9/2021	457.6900024	460.6000061	452.3299866	452.7000122	444.7770996	329400
12/10/2021	457.3099976	460.6199951	455.1099854	460.0400085	451.9885864	404100
12/13/2021	460.8999939	462	452.7999878	453.2900085	445.3566589	448900
12/14/2021	447.6499939	450.5	440.6600037	445.8699951	438.0665283	593500
12/15/2021	446.3299866	458.3699951	441.8900146	457.6700134	449.6600647	495600
12/16/2021	459.0100098	459.3200073	440.75	443.6000061	436.6195068	626900
12/17/2021	438.7600098	446.0700073	436.7099915	442.0599976	435.1037598	411000
12/20/2021	435.8999939	438.1199951	433.6600037	436.8699951	429.9954529	569700
12/21/2021	441.9299927	449.0700073	437.6199951	448.6499939	441.5900269	490700
12/22/2021	447.9700012	454.2999878	446.7900085	454.0100098	446.8656616	358900
12/23/2021	454.8399963	458.2799988	454.3699951	456.4899902	449.3066711	301300
12/27/2021	457.9599915	466.1000061	457.9599915	466.1000061	458.7654724	512300
12/28/2021	466.8299866	467.0599976	461.5799866	462.8399963	455.5567932	518400
12/29/2021	462.7000122	464.5599976	460.0499878	462.8800049	455.5960999	366600
12/30/2021	462.7999878	465.0599976	460.019989	460.4599915	453.2141724	334500
12/31/2021	460.3399963	461.3699951	457.9100037	458.1700134	450.9602661	400100
1/3/2022	458.730011	462.5	456.1300049	462	454.72995	556600
1/4/2022	462.3999939	463	451.7900085	456.1600037	448.9819031	821600
1/5/2022	453.1099854	453.9700012	440.8200073	441.019989	434.0800781	946400
1/6/2022	437.3299866	443.4299927	435.7099915	439.3500061	432.4363708	729200
1/7/2022	439.2099915	441.6300049	432.1199951	434.8599854	428.0170288	1835300
1/10/2022	427.9599915	435.8800049	422	435.3200073	428.4697571	2709800
1/11/2022	434.3500061	441.75	431.4100037	441.0700073	434.129364	567200
1/12/2022	444.2399902	447.4599915	440.3999939	442.5100098	435.5466614	1191200
1/13/2022	444.2000122	445.730011	429.1199951	430	423.2335205	599800
1/14/2022	427.6799927	433.8200073	427.1400146	433.4700012	426.6489258	493000
1/18/2022	427	429.9100037	421.5	422.4100037	415.76297	730200
1/19/2022	424.0100098	429.230011	416.2999878	416.519989	409.9656372	2504700
1/20/2022	420.4200134	425.7399902	410.7900085	411.3399963	404.867157	629500
1/21/2022	409.2099915	414.6000061	402.2900085	402.4299927	396.0973511	1874800
1/24/2022	393.8800049	405.4899902	380.6300049	405.0299988	398.6564636	6231600
1/25/2022	397.1700134	402.5799866	390.7999878	395.0799866	388.8630066	835600
1/26/2022	406.6000061	410.3699951	391.9599915	396.4500122	390.2114563	3886100
1/27/2022	402.7900085	405	391.6099854	393.0899963	386.9042969	655800
1/28/2022	397.8599854	410	391.3999939	409.8399963	403.3907471	936200
1/31/2022	410.5	422.7999878	409	422.2600098	415.6153259	681100
2/1/2022	423	424.6199951	417.0100098	424.0100098	417.3378296	1590200
2/2/2022	425.230011	427.1499939	420.6199951	426.2099915	419.5032043	504600
2/3/2022	419.1499939	422.3599854	411.3900146	412.9299927	406.4320984	688500
2/4/2022	412.269989	419.730011	409.5899963	416.0799866	409.5325623	457100
2/7/2022	416.8399963	419.8399963	412.3800049	414.0400085	407.5246277	352000
2/8/2022	412.5499878	420.5899963	411.4200134	419.3800049	412.7806091	273900
2/9/2022	424.7999878	429.6799927	423.1499939	429.6799927	422.9185791	1191700
2/10/2022	421.5799866	429.4700012	416.7200012	419.1900024	412.5936584	766500
2/11/2022	419.5	421.7200012	404.3599854	405.9599915	399.5718079	1448800
2/14/2022	404.8699951	409.6600037	401.4100037	405.8900146	399.5029297	2260100
2/15/2022	412.1799927	417.7999878	411.0599976	417.5799866	411.0089417	369400
2/16/2022	414.2000122	418.1000061	409.7999878	416.8399963	410.2806396	330000
2/17/2022	412.7099915	412.9899902	402.5	403.1300049	396.786377	456100
2/18/2022	404.5700073	405.0400085	395.2799988	398.0899963	391.8256531	646400
2/22/2022	394.5899963	400.980011	390.1900024	394.1799927	387.9771118	2183500
2/23/2022	398.1099854	399.5899963	383.6199951	384.2099915	378.164093	718400
2/24/2022	370.8800049	398.6099854	369.0100098	398.0899963	391.8256531	2310000
2/25/2022	398.8599854	403.9500122	393.9500122	403.8200073	397.4654846	670600
2/28/2022	400.1499939	406.019989	397.2900085	403.9100037	397.5541077	592500
3/1/2022	402.5899963	404.980011	393	396.1400146	389.9063416	355700
3/2/2022	398.5499878	405.9899902	395.5	404.3900146	398.0265198	358800
3/3/2022	407.1300049	407.1300049	396.2200012	398.1000061	391.8354797	370100
3/4/2022	395.4200134	396.8299866	387.3699951	390.1600037	384.0204468	432700
3/7/2022	390.1600037	392.0599976	375.1700134	375.5299988	369.620636	884300
3/8/2022	374.519989	385.519989	368.5700073	373.6799927	367.7997742	1789500
3/9/2022	383.5599976	391.0100098	381.4700012	389.6099854	383.4790955	664500
3/10/2022	382.6700134	383.8900146	377.0100098	382.8800049	376.8549805	988300
3/11/2022	386.3900146	386.3900146	374.5	374.9200134	369.0202942	796300
3/14/2022	373.3900146	377.019989	365.9200134	366.8099976	361.0378418	1091500
3/15/2022	369.5	380	368.2399902	379.1400146	373.1738892	508600
3/16/2022	383.7999878	393.1799927	378.7900085	393.019989	386.8354187	666600
3/17/2022	390.4599915	397.2900085	389.0599976	397.2900085	391.038269	410500
3/18/2022	395.8500061	406.8800049	393.9599915	406.3900146	399.9950256	506400
3/21/2022	404.9200134	407.7999878	399.9400024	405.3599854	398.9812317	488100
3/22/2022	405.480011	414.1000061	405.2200012	411.8500061	405.3691101	413300
3/23/2022	407.6499939	412.3099976	404.7399902	405.5799866	399.1977844	388400
3/24/2022	406.5	415.4899902	405.4899902	415.4899902	409.6356506	341500
3/25/2022	415.6400146	416.25	409.6400146	414.519989	408.6792908	307200
3/28/2022	412.7600098	419.7099915	411.2799988	419.6400146	413.7271729	514700
3/29/2022	424.5400085	429.5599976	421.6199951	428.9200134	422.8763733	1961400
3/30/2022	426.6499939	427.7200012	420.3200073	422.4200134	416.4679871	413100
3/31/2022	422.4299927	423.4400024	416	416.480011	410.6116943	527000
4/1/2022	416.5	417.9700012	410.7900085	415.2600098	409.408844	311700
4/4/2022	416.0799866	423.5599976	416.0799866	423.4299927	417.4637451	297700
4/5/2022	421.7099915	422.2999878	412	413.4200134	407.5947876	653200
4/6/2022	406.7799988	407.0400085	399.2099915	402.3200073	396.6511536	599200
4/7/2022	401.6000061	406.0100098	397.5100098	403.5700073	397.8835754	330600
4/8/2022	401.4899902	402.25	396.6600037	397.6499939	392.0469666	444300
4/11/2022	392.5400085	392.8800049	387.8900146	388.230011	382.7597351	499800
4/12/2022	393.980011	396.8500061	385.5400085	387.1700134	381.7146606	2719400
4/13/2022	387.2600098	395.2600098	386.0899963	393.9200134	388.3695679	592000
4/14/2022	394.269989	395.1400146	384	384.1799927	378.7668152	392700
4/18/2022	382.4299927	387.2399902	381.2099915	384.6300049	379.2104492	672900
4/19/2022	383.8900146	393.0100098	382.2900085	392.3800049	386.8512573	368400
4/20/2022	396.1300049	397.25	389.7200012	390.7600098	385.2540894	405200
4/21/2022	394.3500061	398.519989	381.9200134	383.2399902	377.8400574	459700
4/22/2022	383.25	384.8599854	372.1900024	372.6499939	367.399231	753100
4/25/2022	370.9200134	378.9200134	369.25	378.730011	373.3936157	644200
4/26/2022	375.5799866	375.6900024	364.3099976	364.3099976	359.1767578	712900
4/27/2022	366.7000122	375.1700134	366.2000122	368.230011	363.0415955	1706200
4/28/2022	374.2000122	385.3900146	371.7000122	383.1300049	377.7315979	570500
4/29/2022	378.8399963	384.2200012	366.6600037	367.2000122	362.0260925	615500
5/2/2022	366.3800049	373.6000061	362.8999939	373.269989	368.010437	711700
5/3/2022	372.75	375.5	370.1499939	373.5100098	368.2471619	405900
5/4/2022	374.8500061	387.019989	367.6499939	386.4599915	381.0146484	3289900
5/5/2022	380.6300049	380.9500122	362.3299866	366.730011	361.5626526	863200
5/6/2022	363.7999878	369.019989	357.0599976	362.75	357.6387329	1772100
5/9/2022	356.3099976	358.2999878	345.519989	347.1300049	342.2388611	2185800
5/10/2022	355.5100098	357.1000061	346.230011	352.1700134	347.2078247	1740700
5/11/2022	348.7799988	355.8599854	339.1700134	340.1099854	335.317749	2349400
5/12/2022	334.8699951	342.75	329.6300049	337.6099854	332.8529358	1252400
5/13/2022	342.1400146	352.1099854	341.1799927	350.3800049	345.4430237	625400
5/16/2022	347.8999939	350.9299927	343.8500061	346.2000122	341.3219604	2103800
5/17/2022	353.5799866	356.3900146	349.1199951	356	350.9838562	490800
5/18/2022	350.9500122	352.3299866	338.3500061	339.5899963	334.8050842	577900
5/19/2022	337.3399963	343.0100098	334.8200073	337.2200012	332.4684448	648400
5/20/2022	341.2200012	343.0100098	327.0599976	337.769989	333.0107117	653700
5/23/2022	338.8699951	345.4400024	337.2799988	344.9200134	340.0599976	523500
5/24/2022	340.1700134	341.4400024	333	338.25	333.4839478	643800
5/25/2022	336.019989	345.6499939	336.019989	343.1000061	338.2655945	417100
5/26/2022	341.5799866	353.2900085	340	351.7999878	346.8430176	570200
5/27/2022	355.3500061	364.1499939	355.3500061	364.0599976	358.9302979	1190900
5/31/2022	362.6400146	364.7099915	357.5899963	361.1000061	356.0120239	480900
6/1/2022	364.7000122	367.4299927	356.8399963	359.7099915	354.6416016	1091200
6/2/2022	357.2999878	369.6400146	356	369.6000061	364.3922424	645300
6/3/2022	362.6799927	365.1600037	358.6400146	360.2099915	355.1345215	997600
6/6/2022	365.0899963	367	358.75	360.4200134	355.3416138	335600
6/7/2022	356.5599976	365.7399902	355.8900146	365.2099915	360.0640869	550200
6/8/2022	364	366.3500061	360.1799927	361.2799988	356.1894226	281300
6/9/2022	358.7000122	362	351.0299988	351.1199951	346.1726074	338700
6/10/2022	345	345.6700134	337.2999878	337.3399963	332.5867615	1365800
6/13/2022	326.6300049	329.4899902	320.3800049	321.4700012	316.9404297	1387900
6/14/2022	323.75	325.5100098	320.2000122	323.2600098	318.7052002	777500
6/15/2022	326.8500061	335.3099976	322.9500122	330.4100037	325.7544556	862600
6/16/2022	322.0700073	322.0799866	313.6600037	315.9700012	311.5178833	1940700
6/17/2022	316.3200073	322.7200012	314.5599976	319.8099976	315.3037415	793000
6/21/2022	324.9500122	330.6000061	324.9500122	327.8900146	323.2699585	677700
6/22/2022	324.269989	331.2600098	323.0799866	326.7600098	322.1558838	536700
6/23/2022	328.8500061	332.5	326	331.7999878	327.7225647	652000
6/24/2022	335.4599915	344.0899963	335.4599915	344.0299988	339.8023376	619900
6/27/2022	345.3800049	346.269989	340.1300049	341.5400085	337.3428955	485800
6/28/2022	342.4200134	345.1199951	330.8699951	330.980011	326.9126587	622100
6/29/2022	330.6400146	333.1199951	327.6000061	331.2399902	327.1694641	381400
6/30/2022	327.2600098	330.6000061	321.1600037	326.5499878	322.5371399	559500
7/1/2022	324.8200073	328.4299927	321.8699951	327.5299988	323.5050659	497100
7/5/2022	323.3999939	332.5400085	321.3299866	332.5400085	328.4534912	535000
7/6/2022	332.9899902	337.4400024	331.2200012	334.8500061	330.7350464	405000
7/7/2022	336.4700012	343	336.3599854	342.2999878	338.0935669	400900
7/8/2022	338.1000061	343.8999939	337.4899902	342.5400085	338.330658	679400
7/11/2022	339.6000061	340.2399902	334.8500061	337.0599976	332.9179688	389200
7/12/2022	338.230011	340.7099915	330.6700134	332.4400024	328.3547058	630300
7/13/2022	326.2600098	333.5499878	324.6700134	331.6700134	327.5942078	593300
7/14/2022	328.5400085	335.1799927	324.4200134	333.8999939	329.7967834	528200
7/15/2022	337.3399963	340.1000061	335.5400085	340.0299988	335.8514404	385500
7/18/2022	343.25	344.7999878	335.7799988	336.9599915	332.8191528	476900
7/19/2022	340.9200134	347.6000061	338.7900085	347.1000061	342.8345947	411800
7/20/2022	347.2799988	355.0100098	346.5100098	353.5899963	349.2447815	518400
7/21/2022	353.980011	358.7399902	350.6199951	358.730011	354.3216858	441700
7/22/2022	358.3200073	360.1099854	351.0899963	353.1300049	348.7904663	448800
7/25/2022	352.8999939	352.8999939	348.1499939	350.8599854	346.5483398	585600
7/26/2022	349.8399963	350.0899963	343.25	344.25	340.0195923	315100
7/27/2022	350.0799866	360.7200012	349.6499939	359.1400146	354.7266541	718500
7/28/2022	359.2900085	365.0700073	355.9299927	364.2600098	359.7836914	458800
7/29/2022	365.6199951	371.1400146	363.8800049	370.2000122	365.6507263	577900
8/1/2022	367.2000122	373.2999878	365.6400146	369.5400085	364.9988403	580500
8/2/2022	366.1099854	371.9299927	364.5299988	367.6300049	363.1123047	558700
8/3/2022	369.5299988	379.0700073	369.5299988	378.2900085	373.6412964	489400
8/4/2022	377.7399902	379.5299988	374.9400024	379.4899902	374.8265076	337600
8/5/2022	373.3500061	380.1199951	373.0599976	378.8999939	374.2438354	339900
8/8/2022	378.6300049	382.2000122	374.3299866	376.269989	371.6461182	531600
8/9/2022	373.2600098	373.5799866	369.6600037	371.6499939	367.0829163	395000
8/10/2022	380.7900085	383.2799988	378.3999939	382.9899902	378.2835388	651200
8/11/2022	385.6700134	387.8900146	380.3099976	380.769989	376.0908203	558400
8/12/2022	383.8900146	388.6799927	382.2900085	388.6799927	383.9036255	346300
8/15/2022	387.3900146	391.6000061	387	391.0299988	386.2247314	325300
8/16/2022	388.9200134	391.5400085	385.75	389.6700134	384.8814697	356700
8/17/2022	386.3800049	389.1300049	383.4899902	386.3900146	381.6417847	549600
8/18/2022	386.5599976	389.9299927	385.2999878	388.4100037	383.6369629	262500
8/19/2022	384.7600098	385.3999939	380.2000122	380.9299927	376.2488403	355600
8/22/2022	375.8399963	375.8399963	369.519989	370.480011	365.9272766	464600
8/23/2022	369.9100037	373.7099915	369.2099915	369.6099854	365.0679626	270100
8/24/2022	369.4500122	371.8900146	368.4700012	370.2099915	365.6605835	341600
8/25/2022	372.019989	377.0599976	371.2399902	376.9299927	372.2980042	211200
8/26/2022	376.9299927	377.6099854	360.9400024	360.9700012	356.5341492	543900
8/29/2022	357.2099915	359.980011	354.9599915	356.3099976	351.9313965	547300
8/30/2022	358.6900024	358.9899902	349.5	352.7200012	348.385498	496400
8/31/2022	355.1400146	356.1799927	349.1900024	349.2799988	344.9878235	431300
9/1/2022	345.3500061	346.6799927	338.980011	346.2200012	341.9653931	619800
9/2/2022	350	351.9500122	340.269989	342.1499939	337.9454041	540900
9/6/2022	342.7999878	343.6700134	337.5	339.6700134	335.4959106	605500
9/7/2022	340.1700134	346.5100098	339	345.0799866	340.8394165	549300
9/8/2022	342.5799866	348.5400085	341.1099854	347.1600037	342.8938293	395500
9/9/2022	349.9899902	355.3699951	349.9299927	354.6600037	350.3016968	308000
9/12/2022	356.6499939	360.3399963	356.6499939	360.2799988	355.8526001	303400
9/13/2022	350.0400085	351.2200012	340.5400085	341.4100037	337.2144775	705200
9/14/2022	343	344.7900085	339.5	342.8900146	338.6763	439000
9/15/2022	339.8999939	342.519989	333.3699951	335.2600098	331.1400757	583100
9/16/2022	331.8299866	333.25	328.1900024	332.75	328.6609497	707600
9/19/2022	329.5799866	335.6199951	329.4899902	335.3599854	331.2388306	2702100
9/20/2022	332.1700134	335.519989	330.5	333.2799988	329.1844177	472200
9/21/2022	334.8599854	340	328.230011	328.230011	324.1965027	501300
9/22/2022	326.6400146	327.8599854	322.2799988	323.9100037	319.9295654	730500
9/23/2022	320.9299927	321.5100098	315.3299866	319.3200073	315.3959961	2603600
9/26/2022	318.6300049	324.25	316.3800049	317.2399902	313.3414917	1130200
9/27/2022	321.5499878	324.730011	315.2000122	318.3800049	314.4675293	2315900
9/28/2022	315.3399963	322.8599854	313.4599915	321.2999878	318.1149597	1424400
9/29/2022	316.6600037	317.1199951	309.3399963	313.0499878	309.9467468	2652800
9/30/2022	311.8599854	316.8699951	307.1499939	307.3699951	304.3230286	991300
10/3/2022	310.0799866	318.4200134	308.269989	316.7000122	313.5605774	764000
10/4/2022	323	327.9500122	322.769989	327.7900085	324.5406799	961100
10/5/2022	322.9899902	331	321.1799927	328.8299866	325.5703125	562700
10/6/2022	327.7900085	331.769989	325.9100037	326.3399963	323.105072	1530200
10/7/2022	319.9200134	319.9200134	311.230011	312.7600098	309.6596375	800800
10/10/2022	312.7200012	313.269989	303.9299927	307.1099854	304.0656128	977000
10/11/2022	305.0499878	307.3200073	299.8099976	302.1099854	299.1152039	1015700
10/12/2022	302.6700134	304.2600098	300.1499939	301.0299988	298.045929	768700
10/13/2022	292.8399963	311.25	291.6199951	309.6499939	306.5804443	1312600
10/14/2022	312.75	313.0400085	300.3500061	300.8399963	297.8577881	616600
10/17/2022	308.2000122	311.6199951	307.9500122	310.3500061	307.2735596	464900
10/18/2022	318.2600098	319.7999878	309.6300049	313.5400085	310.4319153	1367200
10/19/2022	310.6900024	315.1600037	308.9299927	312	308.907196	413200
10/20/2022	312.2900085	319	310.6499939	312.1700134	309.0755005	481100
10/21/2022	311.3599854	321	310.2000122	320.3900146	317.2140198	483300
10/24/2022	321.6799927	325.2999878	317.1499939	324.1700134	320.9565125	461600
10/25/2022	325.1499939	331.4899902	325.1499939	331.269989	327.9861145	640000
10/26/2022	323.480011	331.6000061	323.1199951	324.6099854	321.3921814	520600
10/27/2022	325.4500122	327.8699951	320.5899963	321.25	318.0654907	533500
10/28/2022	322.6000061	334.9100037	322.6000061	334.1799927	330.8672791	549100
10/31/2022	331.1400146	332.3200073	328.3399963	330.2000122	326.9267883	541100
11/1/2022	334.3699951	335.1600037	326.269989	327.6499939	324.4019775	406300
11/2/2022	327.4700012	330.75	315.519989	315.5299988	312.4021912	556600
11/3/2022	311.2200012	312.0599976	306.3200073	306.5499878	303.5111694	2099800
11/4/2022	311.8999939	313.3200073	303.5799866	310.5299988	307.4517517	735100
11/7/2022	311.8500061	315.6499939	308.5899963	315.1300049	312.0061646	707000
11/8/2022	317.769989	322.3699951	313.6000061	318.0599976	314.9071045	550100
11/9/2022	314.8900146	315.7799988	309.1000061	309.5899963	306.5210266	663100
11/10/2022	325.3099976	336.1400146	324.1400146	335.8200073	332.4910583	1365100
11/11/2022	335.3500061	343.6799927	334.1000061	342.6700134	339.2731628	1276400
11/14/2022	339.6700134	343.519989	337.3599854	339.3999939	336.0355225	928900
11/15/2022	347.1600037	348.7399902	340.8800049	344.2999878	340.8869629	910500
11/16/2022	341.3200073	342.1099854	337.2600098	338.4299927	335.0751343	529500
11/17/2022	333.1400146	339.8699951	332.3500061	338.2399902	334.8870544	727300
11/18/2022	342.5	342.6600037	335.9500122	338.6199951	335.2633362	457200
11/21/2022	336.519989	337.7200012	333.7799988	334.5899963	331.2732239	1017100
11/22/2022	335.4500122	340.7900085	333.2200012	340.5799866	337.2038574	517200
11/23/2022	340.1400146	345	339.9500122	344.2200012	340.8078003	440600
11/25/2022	341.7799988	343.1300049	341.019989	342.0599976	338.66922	184300
11/28/2022	339.019989	340.5299988	333.5	334.8299866	331.5108337	630300
11/29/2022	335	335.5599976	330.4299927	331.730011	328.4415894	539300
11/30/2022	332.1000061	348	331.1300049	347.9400024	344.4909363	602900
12/1/2022	348.4400024	350.9100037	344.6300049	349.1700134	345.7087402	1377300
12/2/2022	342.769989	348.25	342.0299988	347.2099915	343.7681274	539300
12/5/2022	344.6199951	346.2999878	338.5	340.6000061	337.2237244	490400
12/6/2022	341	341	330.9899902	333.2000122	329.8970337	811900
12/7/2022	332.1400146	334.0299988	329.2799988	331.6799927	328.3920593	850800
12/8/2022	333.9899902	338.4899902	331.6499939	337.4599915	334.1147766	411000
12/9/2022	336.0700073	340.0799866	334.3699951	335.4100037	332.0851135	1449800
12/12/2022	336.1900024	342.8099976	336	342.769989	339.3721313	606500
12/13/2022	355.6400146	357.4700012	343.5499878	346.8599854	343.4215698	919300
12/14/2022	346.4500122	350.6799927	340.2200012	344.269989	340.8572693	696500
12/15/2022	338	338.75	329.4100037	330.3900146	327.9455261	678800
12/16/2022	329.4500122	331.0100098	324.4599915	326.0700073	323.6575012	628600
12/19/2022	326.6600037	326.7099915	319.2900085	321.3699951	318.9922485	1582400
12/20/2022	319.3399963	323.7200012	318.0799866	322.0799866	319.6969604	826100
12/21/2022	323.5	328.7399902	322.5899963	327.1799927	324.7592468	550300
12/22/2022	323.2900085	323.3099976	313.75	319.0700073	316.7092896	635600
12/23/2022	317.1000061	319.519989	314.269989	319.1900024	316.8284302	993100
12/27/2022	318.4899902	318.5100098	314.4100037	316.0700073	313.7315063	660200
12/28/2022	315.5599976	317.8900146	310.75	311.1000061	308.7982483	613400
12/29/2022	314.5400085	320.730011	313.8399963	319.5799866	317.2154846	620700
12/30/2022	316.2399902	319.4100037	314.4299927	319.4100037	317.0467529	622300
1/3/2023	322.3599854	325.1700134	314.269989	316.3500061	314.0094299	742500
1/4/2023	318.0100098	319.8099976	314.3900146	317.7200012	315.3692932	570200
1/5/2023	315.9299927	316	310.6900024	311.1400146	308.8379822	556100
1/6/2023	313.8200073	321.4700012	310	320.0400085	317.6721191	771900
1/9/2023	323.3800049	329.7799988	323.0700073	324.0499878	321.6524048	645800
1/10/2023	323.1900024	326.4899902	321.2799988	326.1499939	323.7368774	2265300
1/11/2023	327.269989	331.7399902	325.9599915	331.6499939	329.1961975	520900
1/12/2023	332.1099854	335.5	327.7900085	334.2399902	331.7670288	537900
1/13/2023	331.1600037	335.8699951	330.3399963	335.6499939	333.1665955	494600
1/17/2023	334.8900146	338.9700012	334.4500122	337.3299866	334.834137	545300
1/18/2023	339.6099854	341.4899902	332.8299866	333.0799866	330.6156311	730800
1/19/2023	330.4500122	332.0100098	327.6400146	328.9899902	326.5558777	874400
1/20/2023	330.9700012	338.2000122	329.5599976	338.2000122	335.6977234	579200
1/23/2023	339.4299927	347.7399902	338.9700012	346.230011	343.668335	1367400
1/24/2023	344.3999939	346.980011	343.6600037	345.6499939	343.0926208	584700
1/25/2023	339.6499939	345.6799927	336.2399902	344.9200134	342.368042	633300
1/26/2023	348.5599976	350.6099854	344.5700073	350.4100037	347.8174133	484600
1/27/2023	348.1900024	354.519989	348	352.019989	349.4154663	567300
1/30/2023	347.8900146	349.5700073	344.9200134	345.1400146	342.5863953	604000
1/31/2023	345.4299927	350.4599915	344.9700012	350.3800049	347.7876282	583300
2/1/2023	350.1900024	361.7000122	349.0100098	358.980011	356.3240051	555000
2/2/2023	365.4299927	371.3999939	364.019989	369.6799927	366.9448242	1453300
2/3/2023	361.4700012	371.8800049	361.4700012	365.7600098	363.053833	768100
2/6/2023	361.9500122	364.2200012	359.5400085	360.9599915	358.2893066	319100
2/7/2023	361.3999939	370.8200073	361.0100098	369.6099854	366.8753052	535400
2/8/2023	369.480011	372.2099915	364.3699951	364.9299927	362.22995	1275500
2/9/2023	370.7000122	371.3599854	361.7000122	363.3900146	360.701355	390500
2/10/2023	360.3500061	362.019989	357.6900024	361.0799866	358.4084473	337200
2/13/2023	362.7799988	368.1000061	362.0799866	367.2200012	364.5030212	978500
2/14/2023	365.4400024	371.2099915	363.1300049	369.1700134	366.4386292	514700
2/15/2023	367.2799988	371.7799988	366.6799927	371.769989	369.0193481	396700
2/16/2023	366.2399902	370.5	364.9500122	364.9899902	362.2894897	460800
2/17/2023	362.8399963	362.8599854	357.3599854	360.519989	357.8526001	414200
2/21/2023	355.6300049	357.8500061	351.5700073	351.7999878	349.197113	1037600
2/22/2023	352.3399963	354.269989	349.8800049	351.7200012	349.1177063	490100
2/23/2023	358.0100098	358.230011	351.8200073	357.1300049	354.4876709	406300
2/24/2023	351.2600098	352.1499939	348.7099915	350.9200134	348.3236084	395000
2/27/2023	354.5	356.0799866	351.9899902	352.4899902	349.8819885	582200
2/28/2023	351.6400146	355.3500061	351	352.1199951	349.5147705	206900
3/1/2023	352.1499939	353	348.4500122	349.3999939	346.8148499	495700
3/2/2023	348.3299866	354.5299988	347.2099915	353.5499878	350.9341431	280500
3/3/2023	355.6300049	361.0899963	355.2099915	360.9700012	358.2993164	425100
3/6/2023	363.3800049	367.3299866	362.0400085	362.2799988	359.5995789	538600
3/7/2023	362.269989	363.4400024	356.8800049	357.8200073	355.1725769	310200
3/8/2023	358.8200073	361.1400146	357.25	360.6499939	357.9816589	454100
3/9/2023	361.0799866	365.0599976	354.3599854	354.9700012	352.3436584	533900
3/10/2023	354.3299866	354.7999878	346.3999939	347.9500122	345.3756104	703100
3/13/2023	345.769989	354.5299988	343.3900146	349.5700073	346.9836426	1676300
3/14/2023	354.3800049	358.7399902	352.6400146	357.4599915	354.8151855	619200
3/15/2023	354.1499939	357.6900024	351.5	357.3299866	354.6861572	1419400
3/16/2023	356.5100098	367.480011	354.8299866	367.0899963	364.3739929	1452700
3/17/2023	367.9200134	370.3699951	363.980011	366.0899963	363.3814087	513700
3/20/2023	365.4700012	367.7900085	363.0100098	367.2099915	364.493103	436200
3/21/2023	369.519989	371.8900146	366.5599976	371.3500061	368.602478	1483700
3/22/2023	371.0599976	378.1199951	366.8399963	366.8399963	364.1258545	587300
3/23/2023	370.9899902	377.519989	368.8399963	372.019989	369.2674866	594900
3/24/2023	370.1700134	371.9200134	367.3299866	371.9200134	369.9359131	371100
3/27/2023	372.3599854	374.269989	368.7000122	369.5899963	367.6183472	617400
3/28/2023	369.2900085	369.3099976	364.8800049	368	366.0368347	586400
3/29/2023	372.3999939	376.3299866	371.8900146	375.519989	373.5167236	384000
3/30/2023	378.6099854	380.0599976	377.019989	379.3099976	377.286499	371400
3/31/2023	379.2999878	385.7600098	378.8900146	385.4700012	383.4136353	506600
4/3/2023	383.2399902	385.3299866	381.4400024	384.9599915	382.9063416	770900
4/4/2023	385.3999939	386.2999878	381.230011	382.519989	380.4794006	461900
4/5/2023	380.6300049	380.6700134	375.1600037	377.9200134	375.9039307	1220700
4/6/2023	375.2000122	380.1099854	373.4599915	379.8800049	377.8534851	278700
4/10/2023	376.2000122	379.6600037	374.4599915	379.6600037	377.6346436	299100
4/11/2023	379.0599976	379.3500061	375.7799988	376.8399963	374.8296814	1653600
4/12/2023	379.0799866	380.8099976	374.0700073	374.5799866	372.5817261	382400
4/13/2023	376.5400085	382.4100037	376.0599976	381.8299866	379.7930603	1067400
4/14/2023	380.1499939	383.2900085	377	380.3699951	378.3408508	526200
4/17/2023	380.1799927	382.1099854	378.6900024	381.75	379.713501	313300
4/18/2023	384.4599915	385.7000122	381.3699951	382.8299866	380.7877197	429500
4/19/2023	379.8399963	382.6799927	379.25	382.0299988	379.9919739	267300
4/20/2023	378.7999878	382.7999878	377.7200012	379.2900085	377.2666016	287600
4/21/2023	378.1400146	378.7399902	376	378.1700134	376.1525879	329100
4/24/2023	376.980011	378.9200134	373.8099976	376.5299988	374.5213318	293000
4/25/2023	375	375.1700134	368.3900146	368.3999939	366.4347229	390700
4/26/2023	374.3900146	377.1099854	372.3800049	373.2999878	371.3085632	723300
4/27/2023	374.8999939	380.730011	374.519989	380.3699951	378.3408508	414100
4/28/2023	380.2900085	384.4200134	379.6700134	384.3599854	382.3095398	364000
5/1/2023	384.0700073	386.5599976	383.730011	384.7600098	382.707428	270200
5/2/2023	384.75	384.9899902	378.6600037	380.4500122	378.4204407	334100
5/3/2023	380.75	384.019989	377.6700134	377.7600098	375.7447815	352100
5/4/2023	376.480011	378.4599915	374.8500061	376.230011	374.2229614	499000
5/5/2023	380.3500061	387.3299866	380.1799927	386.1799927	384.119873	385500
5/8/2023	385.4299927	386.8500061	384.1300049	386.5899963	384.5276489	245200
5/9/2023	384.5899963	385.1000061	383.4599915	383.7799988	381.732666	207300
5/10/2023	387.019989	388.7399902	384.1700134	387.9599915	385.8903809	396400
5/11/2023	387.4599915	387.5	383.8399963	386.3200073	384.2591248	295300
5/12/2023	387.0700073	387.5400085	382.7000122	385.5499878	383.4931946	242100
5/15/2023	385.8599854	388.7999878	384.6099854	388.7999878	386.7258606	266000
5/16/2023	388	390.6000061	388	388.5400085	386.4672546	302900
5/17/2023	390.2000122	394.7000122	388.4899902	394.230011	392.1269531	1040400
5/18/2023	394.7600098	402.4599915	394.7600098	401.9700012	399.825592	1385600
5/19/2023	402.1799927	402.5599976	399.9400024	401.2399902	399.0995178	361300
5/22/2023	399.8999939	403.4599915	399.5799866	402.269989	400.1239929	278600
5/23/2023	400.4400024	401.4899902	395.9100037	396.1400146	394.0267639	411400
5/24/2023	393.019989	395.1400146	391.3900146	393.6900024	391.5898132	379900
5/25/2023	404.8999939	409.2799988	402.3099976	407.7099915	405.5350037	735900
5/26/2023	409.0100098	419.1300049	409.0100098	418.5299988	416.2972717	511200
5/30/2023	424.6600037	426.1600037	419.519989	420.7200012	418.4756165	794400
5/31/2023	418.1600037	421.5599976	416.2799988	416.8800049	414.6560974	425300
6/1/2023	415.5799866	423	413.730011	421.1799927	418.933136	527500
6/2/2023	423.7200012	425.6900024	420.8999939	424.1000061	421.8375549	476200
6/5/2023	423.6400146	426.5	420.8999939	421.8299866	419.5796814	390500
6/6/2023	420.7000122	423.6099854	418.7900085	422.5299988	420.2759094	355300
6/7/2023	422.5100098	425.5299988	415.3800049	416.2399902	414.0194702	560900
6/8/2023	416.4700012	421.1400146	416.4700012	420.4299927	418.1871338	247700
6/9/2023	422.6900024	426.519989	420.7099915	422.1799927	419.9277954	720000
6/12/2023	424.769989	431.0499878	424.0899963	430.9899902	428.6907959	447400
6/13/2023	434.5400085	435.6700134	430.5700073	434.0899963	431.7742615	680300
6/14/2023	434.1000061	438.269989	431.6000061	437.6799927	435.3451233	1916500
6/15/2023	436.019989	445.1400146	435.6700134	443.3900146	441.0246582	645500
6/16/2023	447.3999939	447.9200134	439.3999939	439.5599976	437.2150574	621600
6/20/2023	437.0100098	440.0700073	434.5799866	437	434.6687317	757000
6/21/2023	435.5599976	436.230011	428.7799988	430.2999878	428.0044861	536200
6/22/2023	428.269989	433.980011	428.269989	433.8399963	431.5256042	1686900
6/23/2023	428.6300049	431.519989	427.2099915	428.7999878	426.5124512	534700
6/26/2023	428.8999939	433.1000061	425.1700134	425.3200073	423.0510864	415100
6/27/2023	427.6400146	435.1499939	427.2099915	433.9200134	431.6051636	325100
6/28/2023	431.9500122	437.3699951	431.3099976	435.0400085	432.7192383	432900
6/29/2023	435	436.0400085	432.8999939	435.2999878	433.6516418	348400
6/30/2023	440	443.2900085	439.3599854	442.1600037	440.4856873	419300
7/3/2023	442.3800049	442.4599915	439.2600098	441.4100037	439.7385254	832400
7/5/2023	439.0700073	441.5700073	437.8900146	438.6700134	437.0089111	465500
7/6/2023	434.3800049	437.269989	432.1900024	436.9700012	435.3153381	441700
7/7/2023	436.019989	440.75	435.3200073	435.480011	433.8309937	318400
7/10/2023	433.6900024	437.230011	432	437.230011	435.5743713	343400
7/11/2023	438.0299988	439.2200012	434.4400024	438.8800049	437.2181091	913100
7/12/2023	443.3399963	445.3999939	440.6600037	443.4700012	441.790741	466100
7/13/2023	446.7200012	450.9100037	445.8699951	450.0799866	448.3756714	501700
7/14/2023	451.1600037	453.9500122	447.0799866	448.4700012	446.7717896	763100
7/17/2023	449.1300049	455.7600098	449.1300049	454.4400024	452.7191772	758400
7/18/2023	453.6300049	461.6400146	451.2200012	459.5799866	457.8396912	610000
7/19/2023	461.0400085	462.9700012	456.730011	458.3699951	456.6343079	1417500
7/20/2023	455.25	457.3699951	447.4200134	448.6700134	446.9710388	1117200
7/21/2023	451.9400024	453.5299988	447.3999939	447.8999939	446.203949	333700
7/24/2023	449.980011	450.7000122	446.7799988	448.4100037	446.7120056	613400
7/25/2023	449.5599976	455.0599976	449.5499878	453.5100098	451.7927246	593700
7/26/2023	449	450.1700134	444.9200134	448.2900085	446.5924988	340000
7/27/2023	454.0299988	455.5100098	444.2200012	446.230011	444.5402832	358700
7/28/2023	450.6300049	453.7200012	449.8200073	452.5700073	450.8562622	418500
7/31/2023	453.2200012	455.2200012	452.1400146	454.8099976	453.0877686	467800
8/1/2023	452.8800049	455.8800049	451.6099854	455.0499878	453.3268738	268900
8/2/2023	450.7399902	450.7399902	440.9700012	442.9400024	441.2627258	716500
8/3/2023	439.8699951	443.6000061	438.9500122	441.1900024	439.5193787	529900
8/4/2023	440.5299988	442.6700134	434.7799988	435.4299927	433.7811584	1200300
8/7/2023	437.1199951	438.3999939	432.6000061	436.1600037	434.5084229	485400
8/8/2023	432.5400085	433.5899963	427.7000122	432.1000061	430.4637756	469600
8/9/2023	432.8599854	432.8599854	424.4299927	426.0499878	424.436676	754600
8/10/2023	429.7900085	433.2600098	424.3299866	426.4500122	424.8351746	843500
8/11/2023	423.2000122	426.1300049	422.2200012	423.6499939	422.0457764	629400
8/14/2023	423.0299988	429.9700012	421.8900146	429.8999939	428.2720947	563000
8/15/2023	428.8200073	430	424.8200073	425.6499939	424.038208	579600
8/16/2023	424.8099976	426.8999939	421.4700012	421.6199951	420.0234375	503200
8/17/2023	423	423.7399902	416.230011	417.0100098	415.4309387	486700
8/18/2023	412.5400085	419.3800049	412.3299866	417.8200073	416.237854	637000
8/21/2023	420.1900024	425.9400024	419.4100037	425.0100098	423.4006348	598700
8/22/2023	429.230011	429.6000061	424.1400146	425.1700134	423.5600281	419900
8/23/2023	425.9700012	434.2799988	425.8200073	432.8900146	431.2507935	712300
8/24/2023	438.0599976	438.0599976	422.730011	422.8399963	421.2388611	942500
8/25/2023	423.7099915	428.9899902	420.3599854	427.0899963	425.4727478	585700
8/28/2023	430.2200012	431.3900146	427.2799988	430.3699951	428.7403259	350900
8/29/2023	429.1600037	439.4899902	428.3299866	439.0400085	437.3775024	475500
8/30/2023	438.9599915	443.2200012	437.6900024	442.6600037	440.9837952	466100
8/31/2023	443.9599915	446.75	443.6099854	444.8800049	443.1954041	329200
9/1/2023	447.7900085	449.019989	444.6000061	446.6700134	444.9786072	375700
9/5/2023	445.269989	448.5899963	443.3299866	447.4299927	445.7357178	267800
9/6/2023	445.9700012	447	439.8500061	442.3099976	440.6351013	646800
9/7/2023	434.0299988	436.5599976	432.0100098	435.6900024	434.0401917	589700
9/8/2023	435.8399963	439.1799927	435.1099854	436.25	434.5980835	317500
9/11/2023	440	440.2200012	434.6499939	438.3200073	436.6602173	311800
9/12/2023	435.1199951	436.7900085	430.3099976	430.6400146	429.0093079	342900
9/13/2023	430.3200073	433.3699951	428.9200134	431.2200012	429.5871277	363800
9/14/2023	433.2900085	435.1099854	430.9400024	434.2399902	432.5956726	341500
9/15/2023	432.8900146	432.8900146	424.9100037	426.3399963	424.7255859	596000
9/18/2023	424.980011	429.5599976	424.6099854	428.0700073	426.4490662	302400
9/19/2023	426.4500122	428.4100037	423.5799866	427.3099976	425.691925	413700
9/20/2023	428.980011	429.4299927	420.9200134	421.019989	419.4257202	403800
9/21/2023	417.0899963	418.8399963	413.9299927	414.0400085	412.472168	599800
9/22/2023	415.6400146	419.0299988	414.5499878	415.1900024	413.6178284	449900
9/25/2023	414.0299988	417.6099854	413.1600037	416.8399963	415.2615662	1057400
9/26/2023	414.0599976	414.4299927	408.0700073	409.3999939	407.8497314	533500
9/27/2023	411.3800049	412.9100037	406.519989	410.6600037	409.1049805	584900
9/28/2023	408.269989	415.7999878	406.0100098	413.269989	412.59021	445500
9/29/2023	417.3200073	419.8500061	413.7000122	414.8999939	414.2175598	584700
10/2/2023	415.2099915	420.3800049	414.7000122	418.7200012	418.0312805	1002600
10/3/2023	416.0400085	418.769989	408.8699951	410.7600098	410.0843811	738200
10/4/2023	411.5400085	416.5899963	410.9299927	415.5	414.8165588	461400
10/5/2023	415.75	416.6000061	411.2399902	415.8599854	415.1759644	494800
10/6/2023	412.9400024	425.6799927	412	424.2000122	423.5022583	657700
10/9/2023	420.980011	426.8599854	419.3599854	426.1499939	425.4490356	456800
10/10/2023	426.519989	431	425.75	427.5599976	426.85672	1059400
10/11/2023	429	431.0899963	427.0100098	430.9500122	430.2411499	333600
10/12/2023	431.2900085	434.7600098	426.7399902	429.9299927	429.2228088	366900
10/13/2023	430.7900085	431.4599915	421.769989	423.0400085	422.3441772	992700
10/16/2023	423.6099854	429.6499939	423.6099854	427.8999939	427.196167	260000
10/17/2023	422.0100098	428.4500122	419.5400085	426.0700073	425.3691711	397900
10/18/2023	422.6099854	425.4400024	418.9299927	420.230011	419.5387878	318300
10/19/2023	422.25	424.5599976	416.6499939	417.2399902	416.5536804	435400
10/20/2023	416.730011	417.3299866	409.4100037	409.8800049	409.2058105	576700
10/23/2023	407	414.2799988	404.6400146	409.9500122	409.2756958	394700
10/24/2023	412	414.0799866	408.9700012	413.5899963	412.9096985	440300
10/25/2023	414.2999878	414.7600098	405.769989	406.7600098	406.0909424	409100
10/26/2023	407.2600098	409.2799988	397.7600098	399.5599976	398.902771	505600
10/27/2023	402.3399963	405.3200073	399.5700073	401.2200012	400.5600586	1001600
10/30/2023	403.3800049	406.3900146	401.4500122	404.75	404.084259	327300
10/31/2023	405.0599976	408.3699951	401.8900146	407.7999878	407.1292114	268300
11/1/2023	408.4299927	414.7799988	408.4299927	414.4899902	413.8082275	389600
11/2/2023	419.3299866	422.1499939	418.2200012	421.8800049	421.1860657	430200
11/3/2023	421.8500061	429.5	421.1499939	427.8800049	427.1762085	351500
11/6/2023	428.5499878	430.2900085	425.9899902	429.8200073	429.1130066	481400
11/7/2023	431.230011	436.230011	430.5599976	435.0299988	434.3144531	385600
11/8/2023	436.0499878	438	434	436.8399963	436.12146	368300
11/9/2023	438.2900085	440.9400024	433.7999878	434.2200012	433.5057678	280700
11/10/2023	436.9899902	445.8399963	436.3999939	445.6900024	444.9569092	404000
11/13/2023	444	444.4899902	441.2900085	443.4599915	442.7305603	576800
11/14/2023	450.8500061	454.980011	450.2399902	454.1900024	453.4429321	582100
11/15/2023	456	457.6000061	453.019989	454.7799988	454.0319519	485300
11/16/2023	453.6099854	456.5899963	452.4700012	455.7900085	455.0403137	391900
11/17/2023	455.2099915	457.269989	453.7999878	455.9899902	455.2399597	930200
11/20/2023	456.2900085	463.5599976	456.2900085	462.4200134	461.6593933	448200
11/21/2023	460.5899963	461.1199951	457.0400085	458.5799866	457.8256836	1214100
11/22/2023	461.0599976	464.4500122	459.2200012	460.2600098	459.5029602	386400
11/24/2023	459.4899902	460.0499878	457.9700012	459.7600098	459.0037842	165000
11/27/2023	459.0599976	462.1400146	457.9899902	459.519989	458.7641602	439300
11/28/2023	458.1700134	461.7399902	458.1000061	460.3699951	459.6127625	361200
11/29/2023	464.1900024	466.6700134	461.5799866	462.1600037	461.3998108	344900
11/30/2023	464.0799866	464.5799866	458.1799927	462.0299988	461.2700195	321700
12/1/2023	461.0899963	465	459.2200012	464.6499939	463.8857117	441200
12/4/2023	460.4400024	460.4400024	454.769989	459.9200134	459.1635132	407900
12/5/2023	457.7900085	462.8500061	457.7900085	462.4100037	461.6494141	898200
12/6/2023	464.8599854	465.1900024	458.0499878	458.3900146	457.6360168	320800
12/7/2023	460.0799866	463.9500122	458.9700012	463.3399963	462.5778809	383800
12/8/2023	462.269989	467.8900146	462	467.480011	466.7110901	323000
12/11/2023	466.0100098	470.769989	465.1000061	470.7000122	469.9257813	698600
12/12/2023	469.2399902	473.5799866	468.4299927	473.5100098	472.7311707	343200
12/13/2023	474.6799927	480.019989	473.25	478.980011	478.1921692	593100
12/14/2023	480.1000061	483	475.8800049	479.9100037	479.120636	595300
12/15/2023	479.6499939	484.4899902	479.6499939	482.2200012	481.4268188	553000
12/18/2023	481.8500061	484.4700012	480.1199951	483.3299866	482.5349731	1244900
12/19/2023	482.6900024	485	482.519989	485	485	383300
12/20/2023	484.2200012	486.3299866	477.1700134	477.2200012	477.2200012	397200
12/21/2023	482	483.9200134	478.7399902	483.1400146	483.1400146	408300
12/22/2023	484.5400085	485.1000061	481.2999878	483.6099854	483.6099854	395100
12/26/2023	484.5899963	487.0799866	484.2999878	486	486	319200
12/27/2023	486.2200012	487.1400146	484.1799927	486.4700012	486.4700012	638900
12/28/2023	487.4599915	487.8399963	486.3500061	486.7900085	486.7900085	320500
12/29/2023	486.980011	487.6000061	481.9100037	484	484	532900
1/2/2024	477.6700134	477.8099976	468.2099915	471.2900085	471.2900085	621700
1/3/2024	466.7900085	468.8200073	464.5400085	464.980011	464.980011	1375200
1/4/2024	461.730011	465.6799927	461.730011	462.1799927	462.1799927	523800
1/5/2024	462.230011	466	460.480011	462.2900085	462.2900085	435900
1/8/2024	464.5299988	474.25	464.2099915	474.0599976	474.0599976	645700
1/9/2024	470.7000122	476.1199951	469.5100098	474.8999939	474.8999939	344800
1/10/2024	474.8999939	479.8399963	473.7999878	478.9299927	478.9299927	362500
1/11/2024	481.1199951	483.0499878	473.8900146	480.6099854	480.6099854	749800
1/12/2024	481.6099854	483.4400024	479.6900024	481.6799927	481.6799927	449900
1/16/2024	480.1300049	484.230011	477.9100037	482.3900146	482.3900146	490600
1/17/2024	478.3800049	479.9500122	473.8900146	479.75	479.75	379700
1/18/2024	485.9599915	489.25	483.5899963	489.0799866	489.0799866	499600
1/19/2024	492.2200012	499.8200073	491.0100098	499.7000122	499.7000122	807400
1/22/2024	503.2900085	505.9916077	501.4500122	502.9599915	502.9599915	613331
